update,sym_points_earned,sym_donate_calls,sym_points_donated,sym_steal_calls,sym_points_stolen
0,0,0,0,0,0
100,99270,0,0,0,0
200,94525,0,0,0,0
300,93685,0,0,0,0
400,92360,0,0,0,0
500,84400,0,0,0,0
600,81380,0,0,0,0
700,424105,0,0,0,0
800,546595,0,0,0,0
900,529635,0,0,0,0
1000,617505,0,0,0,0
1100,1.05144e+06,0,0,0,0
1200,1.11966e+06,0,0,0,0
1300,1.1178e+06,0,0,0,0
1400,1.11144e+06,0,0,0,0
1500,1.10472e+06,0,0,0,0
1600,1.10942e+06,0,0,0,0
1700,1.10495e+06,0,0,0,0
1800,1.10437e+06,0,0,0,0
1900,1.106e+06,0,0,0,0
2000,1.10622e+06,0,0,0,0
2100,1.09652e+06,0,0,0,0
2200,1.09666e+06,0,0,0,0
2300,1.09671e+06,0,0,0,0
2400,1.09866e+06,0,0,0,0
2500,1.10008e+06,0,0,0,0
2600,1.09816e+06,0,0,0,0
2700,1.09849e+06,0,0,0,0
2800,1.10414e+06,0,0,0,0
2900,1.10236e+06,0,0,0,0
3000,1.10786e+06,0,0,0,0
3100,1.10518e+06,0,0,0,0
3200,1.10798e+06,0,0,0,0
3300,1.10486e+06,0,0,0,0
3400,1.10944e+06,0,0,0,0
3500,1.11226e+06,0,0,0,0
3600,1.11319e+06,0,0,0,0
3700,1.11132e+06,0,0,0,0
3800,1.10997e+06,0,0,0,0
3900,1.11106e+06,0,0,0,0
4000,1.1198e+06,0,0,0,0
4100,1.11012e+06,0,0,0,0
4200,1.09902e+06,0,0,0,0
4300,1.10496e+06,0,0,0,0
4400,1.10917e+06,0,0,0,0
4500,1.10517e+06,0,0,0,0
4600,1.10276e+06,0,0,0,0
4700,1.10336e+06,0,0,0,0
4800,1.10032e+06,0,0,0,0
4900,1.10368e+06,0,0,0,0
5000,1.09909e+06,0,0,0,0
5100,1.09852e+06,0,0,0,0
5200,1.10094e+06,0,0,0,0
5300,1.09984e+06,0,0,0,0
5400,1.10542e+06,0,0,0,0
5500,1.10798e+06,0,0,0,0
5600,1.1079e+06,0,0,0,0
5700,1.11276e+06,0,0,0,0
5800,1.11102e+06,0,0,0,0
5900,1.11186e+06,0,0,0,0
6000,1.10808e+06,0,0,0,0
6100,1.10578e+06,0,0,0,0
6200,1.10274e+06,0,0,0,0
6300,1.10402e+06,0,0,0,0
6400,1.1016e+06,0,0,0,0
6500,1.10396e+06,0,0,0,0
6600,1.1036e+06,0,0,0,0
6700,1.10556e+06,0,0,0,0
6800,1.10501e+06,0,0,0,0
6900,1.10358e+06,0,0,0,0
7000,1.10296e+06,0,0,0,0
7100,1.10117e+06,0,0,0,0
7200,1.10027e+06,0,0,0,0
7300,1.10062e+06,0,0,0,0
7400,1.1072e+06,0,0,0,0
7500,1.10076e+06,0,0,0,0
7600,1.10097e+06,0,0,0,0
7700,1.09741e+06,0,0,0,0
7800,1.09501e+06,0,0,0,0
7900,1.09632e+06,0,0,0,0
8000,1.10002e+06,0,0,0,0
8100,1.10141e+06,0,0,0,0
8200,1.10036e+06,0,0,0,0
8300,1.09552e+06,0,0,0,0
8400,1.09668e+06,0,0,0,0
8500,1.10894e+06,0,0,0,0
8600,1.10842e+06,0,0,0,0
8700,1.10974e+06,0,0,0,0
8800,1.10612e+06,0,0,0,0
8900,1.10486e+06,0,0,0,0
9000,1.101e+06,0,0,0,0
9100,1.10238e+06,0,0,0,0
9200,1.10477e+06,0,0,0,0
9300,1.10375e+06,0,0,0,0
9400,1.1039e+06,0,0,0,0
9500,1.10318e+06,0,0,0,0
9600,1.10302e+06,0,0,0,0
9700,1.10368e+06,0,0,0,0
9800,1.09688e+06,0,0,0,0
9900,1.10064e+06,0,0,0,0
10000,1.10109e+06,0,0,0,0
10100,1.10154e+06,0,0,0,0
10200,1.09892e+06,0,0,0,0
10300,1.09827e+06,0,0,0,0
10400,1.09398e+06,0,0,0,0
10500,1.09394e+06,0,0,0,0
10600,1.09537e+06,0,0,0,0
10700,1.09794e+06,0,0,0,0
10800,1.09658e+06,0,0,0,0
10900,1.10189e+06,0,0,0,0
11000,1.10466e+06,0,0,0,0
11100,1.1001e+06,0,0,0,0
11200,1.09911e+06,0,0,0,0
11300,1.10236e+06,0,0,0,0
11400,1.10092e+06,0,0,0,0
11500,1.09972e+06,0,0,0,0
11600,1.10262e+06,0,0,0,0
11700,1.10418e+06,0,0,0,0
11800,1.1042e+06,0,0,0,0
11900,1.10176e+06,0,0,0,0
12000,1.10008e+06,0,0,0,0
12100,1.10444e+06,0,0,0,0
12200,1.10804e+06,0,0,0,0
12300,1.10268e+06,0,0,0,0
12400,1.10484e+06,0,0,0,0
12500,1.10681e+06,0,0,0,0
12600,1.09857e+06,0,0,0,0
12700,1.09402e+06,0,0,0,0
12800,1.10048e+06,0,0,0,0
12900,1.09186e+06,0,0,0,0
13000,1.10537e+06,0,0,0,0
13100,1.09681e+06,0,0,0,0
13200,1.10044e+06,0,0,0,0
13300,1.09279e+06,0,0,0,0
13400,1.10162e+06,0,0,0,0
13500,1.10336e+06,0,0,0,0
13600,1.10284e+06,0,0,0,0
13700,1.10812e+06,0,0,0,0
13800,1.1009e+06,0,0,0,0
13900,1.10338e+06,0,0,0,0
14000,1.09836e+06,0,0,0,0
14100,1.1161e+06,0,0,0,0
14200,1.09623e+06,0,0,0,0
14300,1.09528e+06,0,0,0,0
14400,1.09938e+06,0,0,0,0
14500,1.10305e+06,0,0,0,0
14600,1.09801e+06,0,0,0,0
14700,1.10182e+06,0,0,0,0
14800,1.09558e+06,0,0,0,0
14900,1.10312e+06,0,0,0,0
15000,1.09499e+06,0,0,0,0
15100,1.09234e+06,0,0,0,0
15200,1.09358e+06,0,0,0,0
15300,1.0947e+06,0,0,0,0
15400,1.09417e+06,0,0,0,0
15500,1.1043e+06,0,0,0,0
15600,1.1042e+06,0,0,0,0
15700,1.10481e+06,0,0,0,0
15800,1.0967e+06,0,0,0,0
15900,1.1053e+06,0,0,0,0
16000,1.10514e+06,0,0,0,0
16100,1.10262e+06,0,0,0,0
16200,1.10557e+06,0,0,0,0
16300,1.09412e+06,0,0,0,0
16400,1.10614e+06,0,0,0,0
16500,1.09958e+06,0,0,0,0
16600,1.10586e+06,0,0,0,0
16700,1.10286e+06,0,0,0,0
16800,1.10664e+06,0,0,0,0
16900,1.10476e+06,0,0,0,0
17000,1.10834e+06,0,0,0,0
17100,1.09893e+06,0,0,0,0
17200,1.0902e+06,0,0,0,0
17300,1.0915e+06,0,0,0,0
17400,1.08588e+06,0,0,0,0
17500,1.08752e+06,0,0,0,0
17600,1.08545e+06,0,0,0,0
17700,1.09941e+06,0,0,0,0
17800,1.09438e+06,0,0,0,0
17900,1.09502e+06,0,0,0,0
18000,1.09998e+06,0,0,0,0
18100,1.09716e+06,0,0,0,0
18200,1.10178e+06,0,0,0,0
18300,1.08736e+06,0,0,0,0
18400,1.093e+06,0,0,0,0
18500,1.0971e+06,0,0,0,0
18600,1.09794e+06,0,0,0,0
18700,1.10007e+06,0,0,0,0
18800,1.10089e+06,0,0,0,0
18900,1.10366e+06,0,0,0,0
19000,1.10156e+06,0,0,0,0
19100,1.1046e+06,0,0,0,0
19200,1.1034e+06,0,0,0,0
19300,1.10427e+06,0,0,0,0
19400,1.09744e+06,0,0,0,0
19500,1.10284e+06,0,0,0,0
19600,1.09841e+06,0,0,0,0
19700,1.09702e+06,0,0,0,0
19800,1.09949e+06,0,0,0,0
19900,1.09372e+06,0,0,0,0
20000,1.0907e+06,0,0,0,0
20100,1.0835e+06,0,0,0,0
20200,1.09712e+06,0,0,0,0
20300,1.10308e+06,0,0,0,0
20400,1.10588e+06,0,0,0,0
20500,1.10792e+06,0,0,0,0
20600,1.10656e+06,0,0,0,0
20700,1.1052e+06,0,0,0,0
20800,1.11006e+06,0,0,0,0
20900,1.10848e+06,0,0,0,0
21000,1.10612e+06,0,0,0,0
21100,1.1053e+06,0,0,0,0
21200,1.10968e+06,0,0,0,0
21300,1.11038e+06,0,0,0,0
21400,1.10744e+06,0,0,0,0
21500,1.09462e+06,0,0,0,0
21600,1.10006e+06,0,0,0,0
21700,1.10044e+06,0,0,0,0
21800,1.10563e+06,0,0,0,0
21900,1.1094e+06,0,0,0,0
22000,1.10476e+06,0,0,0,0
22100,1.1024e+06,0,0,0,0
22200,1.10023e+06,0,0,0,0
22300,1.10134e+06,0,0,0,0
22400,1.10536e+06,0,0,0,0
22500,1.10258e+06,0,0,0,0
22600,1.10293e+06,0,0,0,0
22700,1.10062e+06,0,0,0,0
22800,1.10168e+06,0,0,0,0
22900,1.09793e+06,0,0,0,0
23000,1.09114e+06,0,0,0,0
23100,1.09848e+06,0,0,0,0
23200,1.10474e+06,0,0,0,0
23300,1.10425e+06,0,0,0,0
23400,1.10314e+06,0,0,0,0
23500,1.09973e+06,0,0,0,0
23600,1.10154e+06,0,0,0,0
23700,1.09877e+06,0,0,0,0
23800,1.09746e+06,0,0,0,0
23900,1.09907e+06,0,0,0,0
24000,1.09402e+06,0,0,0,0
24100,1.09652e+06,0,0,0,0
24200,1.10422e+06,0,0,0,0
24300,1.10731e+06,0,0,0,0
24400,1.10145e+06,0,0,0,0
24500,1.10087e+06,0,0,0,0
24600,1.10072e+06,0,0,0,0
24700,1.10154e+06,0,0,0,0
24800,1.10942e+06,0,0,0,0
24900,1.10644e+06,0,0,0,0
25000,1.10055e+06,0,0,0,0
25100,1.09946e+06,0,0,0,0
25200,1.10468e+06,0,0,0,0
25300,1.10478e+06,0,0,0,0
25400,1.1032e+06,0,0,0,0
25500,1.10711e+06,0,0,0,0
25600,1.09846e+06,0,0,0,0
25700,1.09899e+06,0,0,0,0
25800,1.09856e+06,0,0,0,0
25900,1.10032e+06,0,0,0,0
26000,1.09862e+06,0,0,0,0
26100,1.09582e+06,0,0,0,0
26200,1.10126e+06,0,0,0,0
26300,1.0941e+06,0,0,0,0
26400,1.09607e+06,0,0,0,0
26500,1.10179e+06,0,0,0,0
26600,1.09987e+06,0,0,0,0
26700,1.09534e+06,0,0,0,0
26800,1.0968e+06,0,0,0,0
26900,1.09798e+06,0,0,0,0
27000,1.10386e+06,0,0,0,0
27100,1.10001e+06,0,0,0,0
27200,1.09818e+06,0,0,0,0
27300,1.09736e+06,0,0,0,0
27400,1.09211e+06,0,0,0,0
27500,1.09906e+06,0,0,0,0
27600,1.0948e+06,0,0,0,0
27700,1.08924e+06,0,0,0,0
27800,1.09528e+06,0,0,0,0
27900,1.0924e+06,0,0,0,0
28000,1.0972e+06,0,0,0,0
28100,1.10372e+06,0,0,0,0
28200,1.09349e+06,0,0,0,0
28300,1.09228e+06,0,0,0,0
28400,1.09102e+06,0,0,0,0
28500,1.09486e+06,0,0,0,0
28600,1.09479e+06,0,0,0,0
28700,1.10142e+06,0,0,0,0
28800,1.09855e+06,0,0,0,0
28900,1.09747e+06,0,0,0,0
29000,1.09837e+06,0,0,0,0
29100,1.09177e+06,0,0,0,0
29200,1.09403e+06,0,0,0,0
29300,1.10198e+06,0,0,0,0
29400,1.10025e+06,0,0,0,0
29500,1.10696e+06,0,0,0,0
29600,1.10031e+06,0,0,0,0
29700,1.09667e+06,0,0,0,0
29800,1.09835e+06,0,0,0,0
29900,1.0998e+06,0,0,0,0
30000,1.09768e+06,0,0,0,0
30100,1.10042e+06,0,0,0,0
30200,1.09773e+06,0,0,0,0
30300,1.10066e+06,0,0,0,0
30400,1.09234e+06,0,0,0,0
30500,1.08715e+06,0,0,0,0
30600,1.08682e+06,0,0,0,0
30700,1.09344e+06,0,0,0,0
30800,1.09574e+06,0,0,0,0
30900,1.09827e+06,0,0,0,0
31000,1.09374e+06,0,0,0,0
31100,1.09201e+06,0,0,0,0
31200,1.09498e+06,0,0,0,0
31300,1.09003e+06,0,0,0,0
31400,1.08678e+06,0,0,0,0
31500,1.08906e+06,0,0,0,0
31600,1.08902e+06,0,0,0,0
31700,1.08908e+06,0,0,0,0
31800,1.0996e+06,0,0,0,0
31900,1.09236e+06,0,0,0,0
32000,1.09522e+06,0,0,0,0
32100,1.09313e+06,0,0,0,0
32200,1.09494e+06,0,0,0,0
32300,1.09748e+06,0,0,0,0
32400,1.09562e+06,0,0,0,0
32500,1.0993e+06,0,0,0,0
32600,1.10026e+06,0,0,0,0
32700,1.09472e+06,0,0,0,0
32800,1.09324e+06,0,0,0,0
32900,1.10008e+06,0,0,0,0
33000,1.10238e+06,0,0,0,0
33100,1.09573e+06,0,0,0,0
33200,1.09846e+06,0,0,0,0
33300,1.09676e+06,0,0,0,0
33400,1.0963e+06,0,0,0,0
33500,1.08955e+06,0,0,0,0
33600,1.09034e+06,0,0,0,0
33700,1.09326e+06,0,0,0,0
33800,1.09368e+06,0,0,0,0
33900,1.09438e+06,0,0,0,0
34000,1.0896e+06,0,0,0,0
34100,1.09074e+06,0,0,0,0
34200,1.08993e+06,0,0,0,0
34300,1.0954e+06,0,0,0,0
34400,1.09893e+06,0,0,0,0
34500,1.10052e+06,0,0,0,0
34600,1.0982e+06,0,0,0,0
34700,1.09416e+06,0,0,0,0
34800,1.10134e+06,0,0,0,0
34900,1.10882e+06,0,0,0,0
35000,1.10629e+06,0,0,0,0
35100,1.09987e+06,0,0,0,0
35200,1.09912e+06,0,0,0,0
35300,1.09708e+06,0,0,0,0
35400,1.10148e+06,0,0,0,0
35500,1.10094e+06,0,0,0,0
35600,1.09526e+06,0,0,0,0
35700,1.09225e+06,0,0,0,0
35800,1.0953e+06,0,0,0,0
35900,1.09277e+06,0,0,0,0
36000,1.09634e+06,0,0,0,0
36100,1.096e+06,0,0,0,0
36200,1.10245e+06,0,0,0,0
36300,1.10314e+06,0,0,0,0
36400,1.10222e+06,0,0,0,0
36500,1.09574e+06,0,0,0,0
36600,1.09518e+06,0,0,0,0
36700,1.0935e+06,0,0,0,0
36800,1.09392e+06,0,0,0,0
36900,1.10056e+06,0,0,0,0
37000,1.09288e+06,0,0,0,0
37100,1.09134e+06,0,0,0,0
37200,1.09483e+06,0,0,0,0
37300,1.09537e+06,0,0,0,0
37400,1.09272e+06,0,0,0,0
37500,1.08981e+06,0,0,0,0
37600,1.09502e+06,0,0,0,0
37700,1.09336e+06,0,0,0,0
37800,1.09825e+06,0,0,0,0
37900,1.0979e+06,0,0,0,0
38000,1.09924e+06,0,0,0,0
38100,1.09552e+06,0,0,0,0
38200,1.09428e+06,0,0,0,0
38300,1.09562e+06,0,0,0,0
38400,1.09397e+06,0,0,0,0
38500,1.09812e+06,0,0,0,0
38600,1.09666e+06,0,0,0,0
38700,1.09684e+06,0,0,0,0
38800,1.09455e+06,0,0,0,0
38900,1.09394e+06,0,0,0,0
39000,1.0944e+06,0,0,0,0
39100,1.10116e+06,0,0,0,0
39200,1.09519e+06,0,0,0,0
39300,1.09362e+06,0,0,0,0
39400,1.0997e+06,0,0,0,0
39500,1.09902e+06,0,0,0,0
39600,1.10181e+06,0,0,0,0
39700,1.09821e+06,0,0,0,0
39800,1.09313e+06,0,0,0,0
39900,1.09235e+06,0,0,0,0
40000,1.09222e+06,0,0,0,0
40100,1.10094e+06,0,0,0,0
40200,1.09439e+06,0,0,0,0
40300,1.0956e+06,0,0,0,0
40400,1.09197e+06,0,0,0,0
40500,1.09843e+06,0,0,0,0
40600,1.10276e+06,0,0,0,0
40700,1.0942e+06,0,0,0,0
40800,1.09144e+06,0,0,0,0
40900,1.09092e+06,0,0,0,0
41000,1.09724e+06,0,0,0,0
41100,1.08973e+06,0,0,0,0
41200,1.0926e+06,0,0,0,0
41300,1.09764e+06,0,0,0,0
41400,1.09995e+06,0,0,0,0
41500,1.09451e+06,0,0,0,0
41600,1.09194e+06,0,0,0,0
41700,1.09618e+06,0,0,0,0
41800,1.0928e+06,0,0,0,0
41900,1.08932e+06,0,0,0,0
42000,1.0939e+06,0,0,0,0
42100,1.09396e+06,0,0,0,0
42200,1.10042e+06,0,0,0,0
42300,1.09896e+06,0,0,0,0
42400,1.0952e+06,0,0,0,0
42500,1.0964e+06,0,0,0,0
42600,1.09466e+06,0,0,0,0
42700,1.09632e+06,0,0,0,0
42800,1.09876e+06,0,0,0,0
42900,1.09592e+06,0,0,0,0
43000,1.0936e+06,0,0,0,0
43100,1.09478e+06,0,0,0,0
43200,1.0998e+06,0,0,0,0
43300,1.1034e+06,0,0,0,0
43400,1.10466e+06,0,0,0,0
43500,1.10228e+06,0,0,0,0
43600,1.10212e+06,0,0,0,0
43700,1.10196e+06,0,0,0,0
43800,1.10064e+06,0,0,0,0
43900,1.09972e+06,0,0,0,0
44000,1.09286e+06,0,0,0,0
44100,1.09972e+06,0,0,0,0
44200,1.09675e+06,0,0,0,0
44300,1.09489e+06,0,0,0,0
44400,1.09747e+06,0,0,0,0
44500,1.09798e+06,0,0,0,0
44600,1.09961e+06,0,0,0,0
44700,1.09726e+06,0,0,0,0
44800,1.09154e+06,0,0,0,0
44900,1.08692e+06,0,0,0,0
45000,1.09338e+06,0,0,0,0
45100,1.09451e+06,0,0,0,0
45200,1.0949e+06,0,0,0,0
45300,1.09862e+06,0,0,0,0
45400,1.09859e+06,0,0,0,0
45500,1.09914e+06,0,0,0,0
45600,1.10188e+06,0,0,0,0
45700,1.10236e+06,0,0,0,0
45800,1.09098e+06,0,0,0,0
45900,1.09255e+06,0,0,0,0
46000,1.09362e+06,0,0,0,0
46100,1.09466e+06,0,0,0,0
46200,1.08974e+06,0,0,0,0
46300,1.09878e+06,0,0,0,0
46400,1.09902e+06,0,0,0,0
46500,1.0912e+06,0,0,0,0
46600,1.08632e+06,0,0,0,0
46700,1.0908e+06,0,0,0,0
46800,1.0867e+06,0,0,0,0
46900,1.09058e+06,0,0,0,0
47000,1.08814e+06,0,0,0,0
47100,1.09634e+06,0,0,0,0
47200,1.09522e+06,0,0,0,0
47300,1.0974e+06,0,0,0,0
47400,1.09706e+06,0,0,0,0
47500,1.0931e+06,0,0,0,0
47600,1.09824e+06,0,0,0,0
47700,1.10075e+06,0,0,0,0
47800,1.09869e+06,0,0,0,0
47900,1.09886e+06,0,0,0,0
48000,1.0983e+06,0,0,0,0
48100,1.09562e+06,0,0,0,0
48200,1.09051e+06,0,0,0,0
48300,1.0886e+06,0,0,0,0
48400,1.08921e+06,0,0,0,0
48500,1.08892e+06,0,0,0,0
48600,1.08738e+06,0,0,0,0
48700,1.09446e+06,0,0,0,0
48800,1.0925e+06,0,0,0,0
48900,1.09076e+06,0,0,0,0
49000,1.09136e+06,0,0,0,0
49100,1.09161e+06,0,0,0,0
49200,1.09594e+06,0,0,0,0
49300,1.09344e+06,0,0,0,0
49400,1.09015e+06,0,0,0,0
49500,1.09558e+06,0,0,0,0
49600,1.09126e+06,0,0,0,0
49700,1.09722e+06,0,0,0,0
49800,1.09395e+06,0,0,0,0
49900,1.09638e+06,0,0,0,0
50000,1.10089e+06,0,0,0,0
50100,1.09836e+06,0,0,0,0
50200,1.09472e+06,0,0,0,0
50300,1.09466e+06,0,0,0,0
50400,1.09442e+06,0,0,0,0
50500,1.09018e+06,0,0,0,0
50600,1.09075e+06,0,0,0,0
50700,1.0903e+06,0,0,0,0
50800,1.09644e+06,0,0,0,0
50900,1.09584e+06,0,0,0,0
51000,1.08874e+06,0,0,0,0
51100,1.09398e+06,0,0,0,0
51200,1.08822e+06,0,0,0,0
51300,1.0845e+06,0,0,0,0
51400,1.08354e+06,0,0,0,0
51500,1.08534e+06,0,0,0,0
51600,1.09369e+06,0,0,0,0
51700,1.09413e+06,0,0,0,0
51800,1.09308e+06,0,0,0,0
51900,1.09508e+06,0,0,0,0
52000,1.09578e+06,0,0,0,0
52100,1.09054e+06,0,0,0,0
52200,1.0874e+06,0,0,0,0
52300,1.08626e+06,0,0,0,0
52400,1.0858e+06,0,0,0,0
52500,1.088e+06,0,0,0,0
52600,1.08466e+06,0,0,0,0
52700,1.0827e+06,0,0,0,0
52800,1.08799e+06,0,0,0,0
52900,1.08808e+06,0,0,0,0
53000,1.08858e+06,0,0,0,0
53100,1.08186e+06,0,0,0,0
53200,1.09e+06,0,0,0,0
53300,1.09268e+06,0,0,0,0
53400,1.09591e+06,0,0,0,0
53500,1.1023e+06,0,0,0,0
53600,1.09992e+06,0,0,0,0
53700,1.09666e+06,0,0,0,0
53800,1.09403e+06,0,0,0,0
53900,1.09506e+06,0,0,0,0
54000,1.0914e+06,0,0,0,0
54100,1.09562e+06,0,0,0,0
54200,1.09267e+06,0,0,0,0
54300,1.09692e+06,0,0,0,0
54400,1.09294e+06,0,0,0,0
54500,1.094e+06,0,0,0,0
54600,1.09426e+06,0,0,0,0
54700,1.0966e+06,0,0,0,0
54800,1.0889e+06,0,0,0,0
54900,1.09204e+06,0,0,0,0
55000,1.0944e+06,0,0,0,0
55100,1.09514e+06,0,0,0,0
55200,1.08815e+06,0,0,0,0
55300,1.09182e+06,0,0,0,0
55400,1.0935e+06,0,0,0,0
55500,1.09517e+06,0,0,0,0
55600,1.09011e+06,0,0,0,0
55700,1.10216e+06,0,0,0,0
55800,1.10088e+06,0,0,0,0
55900,1.09942e+06,0,0,0,0
56000,1.10088e+06,0,0,0,0
56100,1.10178e+06,0,0,0,0
56200,1.10232e+06,0,0,0,0
56300,1.10002e+06,0,0,0,0
56400,1.1028e+06,0,0,0,0
56500,1.10547e+06,0,0,0,0
56600,1.09726e+06,0,0,0,0
56700,1.0923e+06,0,0,0,0
56800,1.09456e+06,0,0,0,0
56900,1.09522e+06,0,0,0,0
57000,1.0975e+06,0,0,0,0
57100,1.09104e+06,0,0,0,0
57200,1.0899e+06,0,0,0,0
