update,sym_points_earned,sym_donate_calls,sym_points_donated,sym_steal_calls,sym_points_stolen
0,0,0,0,0,0
100,99165,0,0,0,0
200,94910,0,0,0,0
300,93265,0,0,0,0
400,91175,0,0,0,0
500,85105,0,0,0,0
600,107130,0,0,0,0
700,598505,0,0,0,0
800,645635,0,0,0,0
900,650775,0,0,0,0
1000,651905,0,0,0,0
1100,653005,0,0,0,0
1200,658255,0,0,0,0
1300,673135,0,0,0,0
1400,671895,0,0,0,0
1500,669525,0,0,0,0
1600,667395,0,0,0,0
1700,668275,0,0,0,0
1800,689935,0,0,0,0
1900,722440,0,0,0,0
2000,769995,0,0,0,0
2100,849025,0,0,0,0
2200,861995,0,0,0,0
2300,892090,0,0,0,0
2400,903480,0,0,0,0
2500,927145,0,0,0,0
2600,935105,0,0,0,0
2700,945390,0,0,0,0
2800,971980,0,0,0,0
2900,977550,0,0,0,0
3000,990005,0,0,0,0
3100,967460,0,0,0,0
3200,936860,0,0,0,0
3300,936565,0,0,0,0
3400,907305,0,0,0,0
3500,915170,0,0,0,0
3600,888690,0,0,0,0
3700,876695,0,0,0,0
3800,884110,0,0,0,0
3900,894700,0,0,0,0
4000,925630,0,0,0,0
4100,933020,0,0,0,0
4200,942160,0,0,0,0
4300,959075,0,0,0,0
4400,962450,0,0,0,0
4500,953560,0,0,0,0
4600,968220,0,0,0,0
4700,966755,0,0,0,0
4800,975860,0,0,0,0
4900,963920,0,0,0,0
5000,953145,0,0,0,0
5100,963330,0,0,0,0
5200,960760,0,0,0,0
5300,965080,0,0,0,0
5400,957650,0,0,0,0
5500,960235,0,0,0,0
5600,955965,0,0,0,0
5700,966085,0,0,0,0
5800,964875,0,0,0,0
5900,965390,0,0,0,0
6000,956510,0,0,0,0
6100,964785,0,0,0,0
6200,966810,0,0,0,0
6300,949585,0,0,0,0
6400,945155,0,0,0,0
6500,935885,0,0,0,0
6600,931170,0,0,0,0
6700,925520,0,0,0,0
6800,927835,0,0,0,0
6900,931990,0,0,0,0
7000,936980,0,0,0,0
7100,929890,0,0,0,0
7200,919985,0,0,0,0
7300,921940,0,0,0,0
7400,935880,0,0,0,0
7500,933530,0,0,0,0
7600,933775,0,0,0,0
7700,938260,0,0,0,0
7800,942490,0,0,0,0
7900,942110,0,0,0,0
8000,941750,0,0,0,0
8100,943430,0,0,0,0
8200,948005,0,0,0,0
8300,940070,0,0,0,0
8400,942430,0,0,0,0
8500,948085,0,0,0,0
8600,955405,0,0,0,0
8700,954530,0,0,0,0
8800,946095,0,0,0,0
8900,940755,0,0,0,0
9000,940905,0,0,0,0
9100,944000,0,0,0,0
9200,947685,0,0,0,0
9300,951750,0,0,0,0
9400,949510,0,0,0,0
9500,952980,0,0,0,0
9600,957365,0,0,0,0
9700,961835,0,0,0,0
9800,969790,0,0,0,0
9900,963085,0,0,0,0
10000,953910,0,0,0,0
10100,957500,0,0,0,0
10200,958080,0,0,0,0
10300,957320,0,0,0,0
10400,953075,0,0,0,0
10500,951895,0,0,0,0
10600,939960,0,0,0,0
10700,938455,0,0,0,0
10800,941905,0,0,0,0
10900,947980,0,0,0,0
11000,953195,0,0,0,0
11100,956710,0,0,0,0
11200,945860,0,0,0,0
11300,935140,0,0,0,0
11400,921735,0,0,0,0
11500,930895,0,0,0,0
11600,937660,0,0,0,0
11700,931510,0,0,0,0
11800,931640,0,0,0,0
11900,934655,0,0,0,0
12000,932630,0,0,0,0
12100,935500,0,0,0,0
12200,930355,0,0,0,0
12300,938200,0,0,0,0
12400,949450,0,0,0,0
12500,946175,0,0,0,0
12600,948135,0,0,0,0
12700,954215,0,0,0,0
12800,957060,0,0,0,0
12900,948850,0,0,0,0
13000,956890,0,0,0,0
13100,955345,0,0,0,0
13200,955675,0,0,0,0
13300,964650,0,0,0,0
13400,958200,0,0,0,0
13500,956760,0,0,0,0
13600,949250,0,0,0,0
13700,956150,0,0,0,0
13800,948645,0,0,0,0
13900,946470,0,0,0,0
14000,949165,0,0,0,0
14100,946445,0,0,0,0
14200,938650,0,0,0,0
14300,903035,0,0,0,0
14400,885855,0,0,0,0
14500,905040,0,0,0,0
14600,894300,0,0,0,0
14700,885735,0,0,0,0
14800,904140,0,0,0,0
14900,912890,0,0,0,0
15000,905100,0,0,0,0
15100,920600,0,0,0,0
15200,932475,0,0,0,0
15300,930200,0,0,0,0
15400,932335,0,0,0,0
15500,937115,0,0,0,0
15600,936460,0,0,0,0
15700,941430,0,0,0,0
15800,944645,0,0,0,0
15900,945785,0,0,0,0
16000,950600,0,0,0,0
16100,955720,0,0,0,0
16200,945980,0,0,0,0
16300,949945,0,0,0,0
16400,943650,0,0,0,0
16500,943115,0,0,0,0
16600,945530,0,0,0,0
16700,950305,0,0,0,0
16800,956740,0,0,0,0
16900,954355,0,0,0,0
17000,943750,0,0,0,0
17100,953195,0,0,0,0
17200,938910,0,0,0,0
17300,897915,0,0,0,0
17400,875480,0,0,0,0
17500,886110,0,0,0,0
17600,900465,0,0,0,0
17700,918485,0,0,0,0
17800,932870,0,0,0,0
17900,941830,0,0,0,0
18000,938395,0,0,0,0
18100,936755,0,0,0,0
18200,912345,0,0,0,0
18300,909915,0,0,0,0
18400,894085,0,0,0,0
18500,878865,0,0,0,0
18600,882180,0,0,0,0
18700,892270,0,0,0,0
18800,907440,0,0,0,0
18900,915355,0,0,0,0
19000,930050,0,0,0,0
19100,933455,0,0,0,0
19200,945610,0,0,0,0
19300,939160,0,0,0,0
19400,938270,0,0,0,0
19500,920150,0,0,0,0
19600,928755,0,0,0,0
19700,943270,0,0,0,0
19800,950530,0,0,0,0
19900,958010,0,0,0,0
20000,958325,0,0,0,0
20100,959335,0,0,0,0
20200,958765,0,0,0,0
20300,953375,0,0,0,0
20400,955260,0,0,0,0
20500,955835,0,0,0,0
20600,962990,0,0,0,0
20700,965835,0,0,0,0
20800,961370,0,0,0,0
20900,960270,0,0,0,0
21000,961475,0,0,0,0
21100,974330,0,0,0,0
21200,973550,0,0,0,0
21300,967115,0,0,0,0
21400,976805,0,0,0,0
21500,971545,0,0,0,0
21600,969525,0,0,0,0
21700,969135,0,0,0,0
21800,968110,0,0,0,0
21900,960995,0,0,0,0
22000,964700,0,0,0,0
22100,968415,0,0,0,0
22200,970475,0,0,0,0
22300,964635,0,0,0,0
22400,967325,0,0,0,0
22500,968910,0,0,0,0
22600,967865,0,0,0,0
22700,967000,0,0,0,0
22800,960200,0,0,0,0
22900,963580,0,0,0,0
23000,956340,0,0,0,0
23100,956105,0,0,0,0
23200,952635,0,0,0,0
23300,940380,0,0,0,0
23400,939610,0,0,0,0
23500,947395,0,0,0,0
23600,941765,0,0,0,0
23700,946695,0,0,0,0
23800,955395,0,0,0,0
23900,944175,0,0,0,0
24000,948630,0,0,0,0
24100,944390,0,0,0,0
24200,938840,0,0,0,0
24300,938730,0,0,0,0
24400,943520,0,0,0,0
24500,941020,0,0,0,0
24600,950680,0,0,0,0
24700,956700,0,0,0,0
24800,961510,0,0,0,0
24900,950290,0,0,0,0
25000,949790,0,0,0,0
25100,952990,0,0,0,0
25200,955585,0,0,0,0
25300,965320,0,0,0,0
25400,961015,0,0,0,0
25500,962730,0,0,0,0
25600,943370,0,0,0,0
25700,944585,0,0,0,0
25800,951930,0,0,0,0
25900,958695,0,0,0,0
26000,958425,0,0,0,0
26100,959250,0,0,0,0
26200,956540,0,0,0,0
26300,950750,0,0,0,0
26400,953745,0,0,0,0
26500,960170,0,0,0,0
26600,960290,0,0,0,0
26700,954520,0,0,0,0
26800,947355,0,0,0,0
26900,961455,0,0,0,0
27000,955320,0,0,0,0
27100,949335,0,0,0,0
27200,946190,0,0,0,0
27300,936070,0,0,0,0
27400,936915,0,0,0,0
27500,943455,0,0,0,0
27600,943345,0,0,0,0
27700,948000,0,0,0,0
27800,953080,0,0,0,0
27900,949610,0,0,0,0
28000,954050,0,0,0,0
28100,950745,0,0,0,0
28200,936485,0,0,0,0
28300,931390,0,0,0,0
28400,928470,0,0,0,0
28500,938110,0,0,0,0
28600,929080,0,0,0,0
28700,916615,0,0,0,0
28800,922750,0,0,0,0
28900,929735,0,0,0,0
29000,926875,0,0,0,0
29100,938340,0,0,0,0
29200,944885,0,0,0,0
29300,941150,0,0,0,0
29400,929165,0,0,0,0
29500,921705,0,0,0,0
29600,909585,0,0,0,0
29700,899145,0,0,0,0
29800,901865,0,0,0,0
29900,910125,0,0,0,0
30000,898810,0,0,0,0
30100,907115,0,0,0,0
30200,914195,0,0,0,0
30300,909450,0,0,0,0
30400,932925,0,0,0,0
30500,938490,0,0,0,0
30600,940900,0,0,0,0
30700,945235,0,0,0,0
30800,942120,0,0,0,0
30900,942420,0,0,0,0
31000,945760,0,0,0,0
31100,950690,0,0,0,0
31200,952340,0,0,0,0
31300,958835,0,0,0,0
31400,958580,0,0,0,0
31500,965625,0,0,0,0
31600,960100,0,0,0,0
31700,961030,0,0,0,0
31800,954445,0,0,0,0
31900,952780,0,0,0,0
32000,927940,0,0,0,0
32100,905615,0,0,0,0
32200,909265,0,0,0,0
32300,912965,0,0,0,0
32400,902380,0,0,0,0
32500,885095,0,0,0,0
32600,888995,0,0,0,0
32700,894760,0,0,0,0
32800,878220,0,0,0,0
32900,859335,0,0,0,0
33000,839790,0,0,0,0
33100,822870,0,0,0,0
33200,823065,0,0,0,0
33300,811095,0,0,0,0
33400,806990,0,0,0,0
33500,788825,0,0,0,0
33600,796415,0,0,0,0
33700,779115,0,0,0,0
33800,758895,0,0,0,0
33900,752365,0,0,0,0
34000,725235,0,0,0,0
34100,714500,0,0,0,0
34200,716220,0,0,0,0
34300,723995,0,0,0,0
34400,738445,0,0,0,0
34500,748925,0,0,0,0
34600,745535,0,0,0,0
34700,737555,0,0,0,0
34800,733625,0,0,0,0
34900,734730,0,0,0,0
35000,722185,0,0,0,0
35100,716380,0,0,0,0
35200,722020,0,0,0,0
35300,733960,0,0,0,0
35400,730265,0,0,0,0
35500,731765,0,0,0,0
35600,735370,0,0,0,0
35700,743285,0,0,0,0
35800,750425,0,0,0,0
35900,761540,0,0,0,0
36000,775910,0,0,0,0
36100,793165,0,0,0,0
36200,795425,0,0,0,0
36300,784800,0,0,0,0
36400,771385,0,0,0,0
36500,772325,0,0,0,0
36600,784440,0,0,0,0
36700,797060,0,0,0,0
36800,803370,0,0,0,0
36900,830455,0,0,0,0
37000,826360,0,0,0,0
37100,820150,0,0,0,0
37200,810455,0,0,0,0
37300,794665,0,0,0,0
37400,776185,0,0,0,0
37500,743400,0,0,0,0
37600,720790,0,0,0,0
37700,715175,0,0,0,0
37800,708980,0,0,0,0
37900,714420,0,0,0,0
38000,721735,0,0,0,0
38100,717760,0,0,0,0
38200,722610,0,0,0,0
38300,717150,0,0,0,0
38400,705860,0,0,0,0
38500,716810,0,0,0,0
38600,726310,0,0,0,0
38700,742885,0,0,0,0
38800,737505,0,0,0,0
38900,728445,0,0,0,0
39000,723025,0,0,0,0
39100,715875,0,0,0,0
39200,717440,0,0,0,0
39300,716415,0,0,0,0
39400,720435,0,0,0,0
39500,704175,0,0,0,0
39600,707470,0,0,0,0
39700,706895,0,0,0,0
39800,705880,0,0,0,0
39900,708415,0,0,0,0
40000,708290,0,0,0,0
40100,724820,0,0,0,0
40200,735445,0,0,0,0
40300,730845,0,0,0,0
40400,741575,0,0,0,0
40500,757705,0,0,0,0
40600,766805,0,0,0,0
40700,790955,0,0,0,0
40800,801970,0,0,0,0
40900,813630,0,0,0,0
41000,821340,0,0,0,0
41100,828665,0,0,0,0
41200,848625,0,0,0,0
41300,832360,0,0,0,0
41400,816165,0,0,0,0
41500,822920,0,0,0,0
41600,842725,0,0,0,0
41700,867010,0,0,0,0
41800,856475,0,0,0,0
41900,855745,0,0,0,0
42000,878730,0,0,0,0
42100,889890,0,0,0,0
42200,908700,0,0,0,0
42300,925660,0,0,0,0
42400,912710,0,0,0,0
42500,910225,0,0,0,0
42600,920570,0,0,0,0
42700,930240,0,0,0,0
42800,922295,0,0,0,0
42900,922795,0,0,0,0
43000,937125,0,0,0,0
43100,935405,0,0,0,0
43200,938160,0,0,0,0
43300,935850,0,0,0,0
43400,945690,0,0,0,0
43500,944900,0,0,0,0
43600,947410,0,0,0,0
43700,950105,0,0,0,0
43800,947865,0,0,0,0
43900,946900,0,0,0,0
44000,947080,0,0,0,0
44100,954105,0,0,0,0
44200,963230,0,0,0,0
44300,965840,0,0,0,0
44400,961165,0,0,0,0
44500,959320,0,0,0,0
44600,952150,0,0,0,0
44700,952690,0,0,0,0
44800,960465,0,0,0,0
44900,969705,0,0,0,0
45000,963580,0,0,0,0
45100,965880,0,0,0,0
45200,962685,0,0,0,0
45300,952725,0,0,0,0
45400,957660,0,0,0,0
45500,966715,0,0,0,0
45600,968810,0,0,0,0
45700,971515,0,0,0,0
45800,964485,0,0,0,0
45900,964185,0,0,0,0
46000,970360,0,0,0,0
46100,966575,0,0,0,0
46200,954335,0,0,0,0
46300,948855,0,0,0,0
46400,953095,0,0,0,0
46500,952750,0,0,0,0
46600,946820,0,0,0,0
46700,945490,0,0,0,0
46800,948960,0,0,0,0
46900,947960,0,0,0,0
47000,951910,0,0,0,0
47100,957325,0,0,0,0
47200,964590,0,0,0,0
47300,962555,0,0,0,0
47400,964325,0,0,0,0
47500,964170,0,0,0,0
47600,961455,0,0,0,0
47700,957755,0,0,0,0
47800,941585,0,0,0,0
47900,916235,0,0,0,0
48000,900905,0,0,0,0
48100,892900,0,0,0,0
48200,889365,0,0,0,0
48300,887180,0,0,0,0
48400,892910,0,0,0,0
48500,911870,0,0,0,0
48600,919735,0,0,0,0
48700,914700,0,0,0,0
48800,920875,0,0,0,0
48900,942205,0,0,0,0
49000,932620,0,0,0,0
49100,932735,0,0,0,0
49200,937550,0,0,0,0
49300,934010,0,0,0,0
49400,923400,0,0,0,0
49500,930625,0,0,0,0
49600,943640,0,0,0,0
49700,949045,0,0,0,0
49800,952660,0,0,0,0
49900,951335,0,0,0,0
50000,951510,0,0,0,0
50100,956855,0,0,0,0
50200,957830,0,0,0,0
50300,963910,0,0,0,0
50400,963410,0,0,0,0
50500,962310,0,0,0,0
50600,953895,0,0,0,0
50700,953305,0,0,0,0
50800,965335,0,0,0,0
50900,956025,0,0,0,0
51000,956875,0,0,0,0
51100,952890,0,0,0,0
51200,942485,0,0,0,0
51300,928635,0,0,0,0
51400,926420,0,0,0,0
51500,920670,0,0,0,0
51600,929555,0,0,0,0
51700,924495,0,0,0,0
51800,924540,0,0,0,0
51900,931755,0,0,0,0
52000,939160,0,0,0,0
52100,937395,0,0,0,0
52200,934375,0,0,0,0
52300,920495,0,0,0,0
52400,895240,0,0,0,0
52500,859520,0,0,0,0
52600,839020,0,0,0,0
52700,853480,0,0,0,0
