update,count,hosted_syms
0,10000,10000
100,10000,10000
200,10000,10000
300,10000,10000
400,10000,10000
500,10000,10000
600,10000,10000
700,10000,10000
800,10000,10000
900,10000,10000
1000,10000,10000
1100,10000,10000
1200,10000,10000
1300,10000,10000
1400,10000,10000
1500,10000,10000
1600,10000,10000
1700,10000,10000
1800,10000,10000
1900,10000,10000
2000,10000,10000
2100,10000,10000
2200,10000,10000
2300,10000,10000
2400,10000,9993
2500,10000,9942
2600,10000,9911
2700,10000,9935
2800,10000,9984
2900,10000,9998
3000,10000,10000
3100,10000,10000
3200,10000,10000
3300,10000,10000
3400,10000,10000
3500,10000,10000
3600,10000,10000
3700,10000,10000
3800,10000,10000
3900,10000,10000
4000,10000,10000
4100,10000,10000
4200,10000,10000
4300,10000,10000
4400,10000,10000
4500,10000,10000
4600,10000,10000
4700,10000,10000
4800,10000,10000
4900,10000,9992
5000,10000,9979
5100,10000,9964
5200,10000,9944
5300,10000,9942
5400,10000,9980
5500,10000,9992
5600,10000,9999
5700,10000,9999
5800,10000,10000
5900,10000,10000
6000,10000,10000
6100,10000,10000
6200,10000,10000
6300,10000,10000
6400,10000,10000
6500,10000,10000
6600,10000,10000
6700,10000,10000
6800,10000,10000
6900,10000,10000
7000,10000,10000
7100,10000,10000
7200,10000,10000
7300,10000,10000
7400,10000,9999
7500,10000,9985
7600,10000,9983
7700,10000,9966
7800,10000,9959
7900,10000,9956
8000,10000,9967
8100,10000,9987
8200,10000,9988
8300,10000,9998
8400,10000,9999
8500,10000,10000
8600,10000,10000
8700,10000,10000
8800,10000,10000
8900,10000,10000
9000,10000,10000
9100,10000,10000
9200,10000,10000
9300,10000,10000
9400,10000,10000
9500,10000,10000
9600,10000,10000
9700,10000,10000
9800,10000,10000
9900,10000,9999
10000,10000,9994
10100,10000,9995
10200,10000,9979
10300,10000,9958
10400,10000,9969
10500,10000,9952
10600,10000,9970
10700,10000,9982
10800,10000,9997
10900,10000,9992
11000,10000,9998
11100,10000,10000
11200,10000,10000
11300,10000,10000
11400,10000,10000
11500,10000,10000
11600,10000,10000
11700,10000,10000
11800,10000,10000
11900,10000,10000
12000,10000,9999
12100,10000,10000
12200,10000,10000
12300,10000,10000
12400,10000,10000
12500,10000,9998
12600,10000,9994
12700,10000,9990
12800,10000,9984
12900,10000,9978
13000,10000,9972
13100,10000,9972
13200,10000,9973
13300,10000,9987
13400,10000,9984
13500,10000,9995
13600,10000,9998
13700,10000,9999
13800,10000,10000
13900,10000,10000
14000,10000,10000
14100,10000,10000
14200,10000,10000
14300,10000,10000
14400,10000,10000
14500,10000,10000
14600,10000,9999
14700,10000,10000
14800,10000,10000
14900,10000,10000
15000,10000,9999
15100,10000,9998
15200,10000,9996
15300,10000,9994
15400,10000,9982
15500,10000,9964
15600,10000,9973
15700,10000,9963
15800,10000,9970
15900,10000,9980
16000,10000,9986
16100,10000,9990
16200,10000,9995
16300,10000,10000
16400,10000,10000
16500,10000,10000
16600,10000,10000
16700,10000,10000
16800,10000,10000
16900,10000,10000
17000,10000,10000
17100,10000,10000
17200,10000,10000
17300,10000,10000
17400,10000,10000
17500,10000,10000
17600,10000,10000
17700,10000,10000
17800,10000,9998
17900,10000,9992
18000,10000,9989
18100,10000,9985
18200,10000,9972
18300,10000,9968
18400,10000,9977
18500,10000,9975
18600,10000,9990
18700,10000,9996
18800,10000,9993
18900,10000,9998
19000,10000,9997
19100,10000,9998
19200,10000,9999
19300,10000,10000
19400,10000,10000
19500,10000,10000
19600,10000,10000
19700,10000,10000
19800,10000,10000
19900,10000,10000
20000,10000,10000
20100,10000,10000
20200,10000,9999
20300,10000,9996
20400,10000,9996
20500,10000,9993
20600,10000,9984
20700,10000,9976
20800,10000,9967
20900,10000,9970
21000,10000,9974
21100,10000,9980
21200,10000,9988
21300,10000,9989
21400,10000,9993
21500,10000,9997
21600,10000,9999
21700,10000,9999
21800,10000,9996
21900,10000,9997
22000,10000,9998
22100,10000,9998
22200,10000,9999
22300,10000,9999
22400,10000,9999
22500,10000,9999
22600,10000,10000
22700,10000,9999
22800,10000,9998
22900,10000,9998
23000,10000,9995
23100,10000,9992
23200,10000,9982
23300,10000,9986
23400,10000,9972
23500,10000,9977
23600,10000,9972
23700,10000,9972
23800,10000,9984
23900,10000,9985
24000,10000,9994
24100,10000,9996
24200,10000,9997
24300,10000,9995
24400,10000,10000
24500,10000,10000
24600,10000,10000
24700,10000,10000
24800,10000,9999
24900,10000,10000
25000,10000,10000
25100,10000,9999
25200,10000,10000
25300,10000,10000
25400,10000,9999
25500,10000,9999
25600,10000,9995
25700,10000,9990
25800,10000,9983
25900,10000,9980
26000,10000,9975
26100,10000,9984
26200,10000,9979
26300,10000,9981
26400,10000,9991
26500,10000,9986
26600,10000,9992
26700,10000,9994
26800,10000,9995
26900,10000,9996
27000,10000,9999
27100,10000,10000
27200,10000,10000
27300,10000,10000
27400,10000,10000
27500,10000,10000
27600,10000,10000
27700,10000,10000
27800,10000,10000
27900,10000,9999
28000,10000,9999
28100,10000,9995
28200,10000,9992
28300,10000,9993
28400,10000,9982
28500,10000,9975
28600,10000,9968
28700,10000,9973
28800,10000,9976
28900,10000,9974
29000,10000,9987
29100,10000,9987
29200,10000,9989
29300,10000,9991
29400,10000,9995
29500,10000,9998
29600,10000,9999
29700,10000,10000
29800,10000,9999
29900,10000,10000
30000,10000,9999
30100,10000,10000
30200,10000,10000
30300,10000,10000
30400,10000,10000
30500,10000,10000
30600,10000,9998
30700,10000,9999
30800,10000,9995
30900,10000,9995
31000,10000,9984
31100,10000,9983
31200,10000,9977
31300,10000,9982
31400,10000,9977
31500,10000,9990
31600,10000,9987
31700,10000,9983
31800,10000,9988
31900,10000,9992
32000,10000,9998
32100,10000,9995
32200,10000,9999
32300,10000,10000
32400,10000,9999
32500,10000,9998
32600,10000,10000
32700,10000,9999
32800,10000,10000
32900,10000,10000
33000,10000,9999
33100,10000,9996
33200,10000,10000
33300,10000,9998
33400,10000,9993
33500,10000,9991
33600,10000,9986
33700,10000,9985
33800,10000,9984
33900,10000,9982
34000,10000,9982
34100,10000,9976
34200,10000,9990
34300,10000,9987
34400,10000,9991
34500,10000,9989
34600,10000,9994
34700,10000,9992
34800,10000,9998
34900,10000,9999
35000,10000,10000
35100,10000,10000
35200,10000,10000
35300,10000,9999
35400,10000,9999
35500,10000,9999
35600,10000,9999
35700,10000,9999
35800,10000,9995
35900,10000,9994
36000,10000,9993
36100,10000,9992
36200,10000,9981
36300,10000,9987
36400,10000,9975
36500,10000,9979
36600,10000,9981
36700,10000,9981
36800,10000,9978
36900,10000,9983
37000,10000,9987
37100,10000,9993
37200,10000,9996
37300,10000,9999
37400,10000,9998
37500,10000,10000
37600,10000,9998
37700,10000,10000
37800,10000,10000
37900,10000,10000
38000,10000,10000
38100,10000,9999
38200,10000,10000
38300,10000,9997
38400,10000,9997
38500,10000,9995
38600,10000,9992
38700,10000,9989
38800,10000,9987
38900,10000,9981
39000,10000,9974
39100,10000,9976
39200,10000,9985
39300,10000,9974
39400,10000,9978
39500,10000,9984
39600,10000,9990
39700,10000,9993
39800,10000,9995
39900,10000,9991
40000,10000,9997
40100,10000,9999
40200,10000,9997
40300,10000,9999
40400,10000,9998
40500,10000,10000
40600,10000,10000
40700,10000,10000
40800,10000,10000
40900,10000,9998
41000,10000,9999
41100,10000,9998
41200,10000,9990
41300,10000,9989
41400,10000,9988
41500,10000,9988
41600,10000,9980
41700,10000,9981
41800,10000,9981
41900,10000,9982
42000,10000,9985
42100,10000,9985
42200,10000,9993
42300,10000,9988
42400,10000,9993
42500,10000,9997
42600,10000,9997
42700,10000,9998
42800,10000,9999
42900,10000,9998
43000,10000,9999
43100,10000,9999
43200,10000,10000
43300,10000,9999
43400,10000,10000
43500,10000,9996
43600,10000,9998
43700,10000,9999
43800,10000,9992
43900,10000,9993
44000,10000,9985
44100,10000,9987
44200,10000,9983
44300,10000,9985
44400,10000,9980
44500,10000,9982
44600,10000,9986
44700,10000,9984
44800,10000,9988
44900,10000,9989
45000,10000,9993
45100,10000,9993
45200,10000,9992
45300,10000,9997
45400,10000,9994
45500,10000,9999
45600,10000,9999
45700,10000,9998
45800,10000,9998
45900,10000,9996
46000,10000,9996
46100,10000,9996
46200,10000,9998
46300,10000,9994
46400,10000,9991
46500,10000,9992
46600,10000,9990
46700,10000,9987
46800,10000,9979
46900,10000,9979
47000,10000,9986
47100,10000,9979
47200,10000,9982
47300,10000,9975
47400,10000,9986
47500,10000,9983
47600,10000,9987
47700,10000,9985
47800,10000,9980
47900,10000,9991
48000,10000,9990
48100,10000,9990
48200,10000,9991
48300,10000,9985
48400,10000,9987
48500,10000,9988
48600,10000,9981
48700,10000,9978
48800,10000,9977
48900,10000,9973
49000,10000,9973
49100,10000,9978
49200,10000,9974
49300,10000,9962
49400,10000,9967
49500,10000,9969
49600,10000,9958
49700,10000,9956
49800,10000,9961
49900,10000,9957
50000,10000,9955
50100,10000,9962
50200,10000,9953
50300,10000,9959
50400,10000,9956
50500,10000,9952
50600,10000,9950
50700,10000,9948
50800,10000,9935
50900,10000,9954
51000,10000,9941
51100,10000,9933
51200,10000,9945
51300,10000,9945
51400,10000,9936
51500,10000,9925
51600,10000,9941
51700,10000,9940
51800,10000,9938
51900,10000,9931
52000,10000,9920
52100,10000,9918
52200,10000,9902
52300,10000,9900
52400,10000,9872
52500,10000,9851
52600,10000,9827
52700,10000,9850
52800,10000,9898
52900,10000,9896
53000,10000,9900
53100,10000,9973
53200,10000,9986
53300,10000,9990
53400,10000,9988
53500,10000,9985
53600,10000,9984
53700,10000,9991
53800,10000,9987
53900,10000,9985
54000,10000,9983
54100,10000,9984
54200,10000,9990
54300,10000,9985
54400,10000,9986
54500,10000,9985
54600,10000,9989
54700,10000,9990
54800,10000,9986
54900,10000,9988
55000,10000,9985
55100,10000,9990
55200,10000,9991
55300,10000,9987
55400,10000,9987
55500,10000,9988
55600,10000,9988
55700,10000,9989
55800,10000,9989
55900,10000,9989
56000,10000,9990
56100,10000,9988
56200,10000,9991
56300,10000,9990
56400,10000,9988
56500,10000,9978
56600,10000,9986
56700,10000,9985
56800,10000,9985
56900,10000,9988
57000,10000,9982
57100,10000,9980
57200,10000,9991
