update,attempts_horiztrans,successes_horiztrans,attempts_verttrans,successes_verttrans
0,0,0,0,0
100,19121,19121,0,0
200,18635,18635,0,0
300,20373,20373,0,0
400,23947,23947,0,0
500,28708,28708,0,0
600,34334,34334,0,0
700,114862,114862,0,0
800,197718,197718,0,0
900,220374,220374,0,0
1000,239527,239527,0,0
1100,293153,293153,0,0
1200,300648,300648,0,0
1300,299670,299670,0,0
1400,297499,297499,0,0
1500,296492,296492,0,0
1600,296804,296804,0,0
1700,296640,296640,0,0
1800,295292,295292,0,0
1900,294751,294751,0,0
2000,295115,295115,0,0
2100,294051,294051,0,0
2200,293535,293535,0,0
2300,293808,293808,0,0
2400,293696,293696,0,0
2500,293920,293920,0,0
2600,293543,293543,0,0
2700,293273,293273,0,0
2800,294749,294749,0,0
2900,294030,294030,0,0
3000,295962,295961,0,0
3100,295813,295813,0,0
3200,294950,294950,0,0
3300,294632,294632,0,0
3400,295343,295343,0,0
3500,296712,296712,0,0
3600,296736,296736,0,0
3700,296113,296113,0,0
3800,295875,295875,0,0
3900,296491,296491,0,0
4000,297901,297901,0,0
4100,294816,294813,0,0
4200,293608,293607,0,0
4300,294299,294298,0,0
4400,295458,295458,0,0
4500,295381,295381,0,0
4600,294975,294975,0,0
4700,293946,293945,0,0
4800,294280,294278,0,0
4900,294424,294423,0,0
5000,293791,293790,0,0
5100,293228,293226,0,0
5200,292715,292713,0,0
5300,292502,292500,0,0
5400,294121,294120,0,0
5500,294448,294443,0,0
5600,295452,295446,0,0
5700,296013,296009,0,0
5800,296065,296065,0,0
5900,296126,296125,0,0
6000,294932,294930,0,0
6100,294778,294777,0,0
6200,294309,294306,0,0
6300,294334,294333,0,0
6400,294528,294522,0,0
6500,295065,295054,0,0
6600,294500,294490,0,0
6700,294313,294299,0,0
6800,295014,295008,0,0
6900,294979,294967,0,0
7000,295080,295059,0,0
7100,294236,294224,0,0
7200,294919,294892,0,0
7300,295000,294988,0,0
7400,296092,296063,0,0
7500,294380,294355,0,0
7600,295051,294991,0,0
7700,293655,293555,0,0
7800,292686,292650,0,0
7900,292778,292726,0,0
8000,293454,293425,0,0
8100,294066,294033,0,0
8200,294217,294191,0,0
8300,293331,293271,0,0
8400,293697,293653,0,0
8500,296273,296214,0,0
8600,295840,295801,0,0
8700,295260,295233,0,0
8800,294622,294588,0,0
8900,294091,294053,0,0
9000,294656,294636,0,0
9100,294241,294225,0,0
9200,294023,294007,0,0
9300,294709,294702,0,0
9400,294589,294563,0,0
9500,294984,294920,0,0
9600,294268,294258,0,0
9700,295029,294988,0,0
9800,293111,293089,0,0
9900,294118,294099,0,0
10000,293627,293617,0,0
10100,294230,294224,0,0
10200,293146,293105,0,0
10300,292948,292929,0,0
10400,292250,292205,0,0
10500,292601,292565,0,0
10600,293311,293284,0,0
10700,293508,293459,0,0
10800,293507,293446,0,0
10900,294078,293991,0,0
11000,295000,294865,0,0
11100,294293,294211,0,0
11200,295251,295146,0,0
11300,294974,294871,0,0
11400,294053,293943,0,0
11500,293169,293100,0,0
11600,294439,294388,0,0
11700,294495,294409,0,0
11800,295102,295023,0,0
11900,293976,293900,0,0
12000,293613,293532,0,0
12100,294987,294906,0,0
12200,295284,295223,0,0
12300,294316,294225,0,0
12400,294849,294744,0,0
12500,295266,295204,0,0
12600,293840,293697,0,0
12700,292293,292175,0,0
12800,293931,293798,0,0
12900,291815,291727,0,0
13000,295106,294984,0,0
13100,293213,293087,0,0
13200,293772,293634,0,0
13300,292610,292452,0,0
13400,295215,295065,0,0
13500,293825,293706,0,0
13600,295021,294847,0,0
13700,296016,295837,0,0
13800,295233,294972,0,0
13900,294876,294676,0,0
14000,294588,294300,0,0
14100,297045,296877,0,0
14200,294441,294113,0,0
14300,294020,293727,0,0
14400,295060,294769,0,0
14500,295626,295311,0,0
14600,294644,294330,0,0
14700,295446,295142,0,0
14800,293966,293660,0,0
14900,295807,295471,0,0
15000,293783,293486,0,0
15100,294568,294213,0,0
15200,294179,293860,0,0
15300,294164,293866,0,0
15400,293473,293201,0,0
15500,294720,294607,0,0
15600,294492,294377,0,0
15700,295135,295004,0,0
15800,292408,292314,0,0
15900,294667,294486,0,0
16000,294341,294276,0,0
16100,295020,294858,0,0
16200,294719,294539,0,0
16300,292322,292139,0,0
16400,294782,294639,0,0
16500,294054,293883,0,0
16600,295297,295152,0,0
16700,294887,294819,0,0
16800,295255,295225,0,0
16900,294788,294781,0,0
17000,295831,295788,0,0
17100,294197,294172,0,0
17200,293195,293123,0,0
17300,294391,294365,0,0
17400,294915,294899,0,0
17500,295737,295705,0,0
17600,293751,293700,0,0
17700,295871,295819,0,0
17800,294604,294516,0,0
17900,294740,294651,0,0
18000,295241,295178,0,0
18100,295761,295651,0,0
18200,295314,295202,0,0
18300,291921,291853,0,0
18400,292320,292265,0,0
18500,293745,293679,0,0
18600,293820,293757,0,0
18700,294231,294121,0,0
18800,294512,294450,0,0
18900,295124,295093,0,0
19000,294694,294665,0,0
19100,295996,295919,0,0
19200,294891,294831,0,0
19300,297136,297105,0,0
19400,294595,294578,0,0
19500,295628,295617,0,0
19600,295072,295055,0,0
19700,295285,295279,0,0
19800,295518,295502,0,0
19900,295033,294996,0,0
20000,294797,294770,0,0
20100,294764,294732,0,0
20200,295257,295225,0,0
20300,294465,294444,0,0
20400,294439,294430,0,0
20500,296096,296068,0,0
20600,294185,294163,0,0
20700,294473,294456,0,0
20800,295860,295812,0,0
20900,295072,295017,0,0
21000,294962,294916,0,0
21100,295488,295443,0,0
21200,295585,295554,0,0
21300,295820,295812,0,0
21400,295379,295367,0,0
21500,292728,292711,0,0
21600,293602,293570,0,0
21700,293902,293894,0,0
21800,294978,294923,0,0
21900,295914,295852,0,0
22000,295434,295363,0,0
22100,294323,294175,0,0
22200,293550,293411,0,0
22300,294340,294167,0,0
22400,295773,295650,0,0
22500,294426,294243,0,0
22600,294734,294518,0,0
22700,294281,294038,0,0
22800,294091,293877,0,0
22900,293554,293291,0,0
23000,292898,292564,0,0
23100,295048,294686,0,0
23200,295913,295470,0,0
23300,294563,294081,0,0
23400,294553,294156,0,0
23500,293812,293365,0,0
23600,295395,294995,0,0
23700,294220,293897,0,0
23800,293973,293718,0,0
23900,295023,294790,0,0
24000,293728,293487,0,0
24100,293770,293478,0,0
24200,295504,295067,0,0
24300,296224,295826,0,0
24400,294940,294522,0,0
24500,295369,295040,0,0
24600,295074,294668,0,0
24700,294140,293769,0,0
24800,296164,295846,0,0
24900,296117,295798,0,0
25000,294233,293913,0,0
25100,295058,294615,0,0
25200,295061,294723,0,0
25300,296142,295794,0,0
25400,295426,295049,0,0
25500,297319,296890,0,0
25600,294645,294214,0,0
25700,293976,293655,0,0
25800,294266,293814,0,0
25900,294679,294244,0,0
26000,294551,294245,0,0
26100,294695,294335,0,0
26200,295119,294796,0,0
26300,292230,291955,0,0
26400,294770,294348,0,0
26500,296036,295634,0,0
26600,294293,293835,0,0
26700,293800,293346,0,0
26800,294624,294118,0,0
26900,294090,293534,0,0
27000,295609,295158,0,0
27100,295601,295021,0,0
27200,295626,295035,0,0
27300,294714,294222,0,0
27400,293696,293173,0,0
27500,295171,294627,0,0
27600,294956,294386,0,0
27700,293330,292596,0,0
27800,295016,294397,0,0
27900,294133,293571,0,0
28000,295231,294502,0,0
28100,296394,295733,0,0
28200,294335,293707,0,0
28300,293455,292843,0,0
28400,293358,292608,0,0
28500,293642,292920,0,0
28600,293508,292815,0,0
28700,296275,295616,0,0
28800,294809,294115,0,0
28900,295042,294263,0,0
29000,295194,294663,0,0
29100,293364,292612,0,0
29200,294038,293256,0,0
29300,295942,295413,0,0
29400,295453,294849,0,0
29500,296919,296248,0,0
29600,296038,295342,0,0
29700,295286,294555,0,0
29800,295038,294407,0,0
29900,295995,295311,0,0
30000,296078,295380,0,0
30100,296232,295475,0,0
30200,295934,295111,0,0
30300,297077,296326,0,0
30400,295014,294231,0,0
30500,294143,293439,0,0
30600,293623,292935,0,0
30700,294256,293501,0,0
30800,295398,294597,0,0
30900,295004,294278,0,0
31000,295044,294290,0,0
31100,294337,293742,0,0
31200,294550,293971,0,0
31300,294329,293690,0,0
31400,293772,293290,0,0
31500,294222,293556,0,0
31600,293577,292798,0,0
31700,293147,292435,0,0
31800,295554,294954,0,0
31900,293304,292705,0,0
32000,294238,293600,0,0
32100,293537,292806,0,0
32200,294868,294124,0,0
32300,294924,294169,0,0
32400,293912,293212,0,0
32500,295521,294684,0,0
32600,295891,295295,0,0
32700,293968,293336,0,0
32800,293911,293128,0,0
32900,295403,294797,0,0
33000,295930,295191,0,0
33100,294334,293599,0,0
33200,296219,295407,0,0
33300,296084,295336,0,0
33400,295521,294733,0,0
33500,294297,293522,0,0
33600,293604,292817,0,0
33700,295170,294374,0,0
33800,294273,293476,0,0
33900,295006,294068,0,0
34000,294324,293390,0,0
34100,293769,293024,0,0
34200,293823,293067,0,0
34300,294531,293875,0,0
34400,296026,295248,0,0
34500,295735,294999,0,0
34600,295800,295232,0,0
34700,295379,294640,0,0
34800,297309,296671,0,0
34900,298386,297636,0,0
35000,297713,297092,0,0
35100,295977,295392,0,0
35200,296362,295716,0,0
35300,295063,294302,0,0
35400,297218,296631,0,0
35500,296381,295670,0,0
35600,294695,293981,0,0
35700,295044,294432,0,0
35800,294286,293661,0,0
35900,294120,293392,0,0
36000,295628,294864,0,0
36100,295000,294409,0,0
36200,296253,295602,0,0
36300,296547,295919,0,0
36400,296255,295659,0,0
36500,294513,293746,0,0
36600,295167,294400,0,0
36700,294727,293884,0,0
36800,294841,294155,0,0
36900,295509,294838,0,0
37000,294220,293524,0,0
37100,294517,293777,0,0
37200,294882,294074,0,0
37300,294420,293717,0,0
37400,294969,294421,0,0
37500,294063,293311,0,0
37600,294892,294216,0,0
37700,293947,293258,0,0
37800,295824,295185,0,0
37900,296011,295262,0,0
38000,295851,295248,0,0
38100,295216,294418,0,0
38200,295110,294490,0,0
38300,294699,294045,0,0
38400,294813,294114,0,0
38500,296168,295405,0,0
38600,295291,294525,0,0
38700,294393,293662,0,0
38800,294239,293523,0,0
38900,294902,294275,0,0
39000,293927,293236,0,0
39100,295583,294843,0,0
39200,294090,293455,0,0
39300,294688,294079,0,0
39400,295989,295313,0,0
39500,295579,295025,0,0
39600,295544,294960,0,0
39700,296238,295436,0,0
39800,294386,293655,0,0
39900,294635,294045,0,0
40000,294423,293853,0,0
40100,295472,294722,0,0
40200,294474,293788,0,0
40300,295060,294367,0,0
40400,295074,294490,0,0
40500,296049,295335,0,0
40600,296106,295381,0,0
40700,295713,294982,0,0
40800,293771,293050,0,0
40900,293932,293305,0,0
41000,295683,294964,0,0
41100,294165,293552,0,0
41200,294963,294361,0,0
41300,295076,294234,0,0
41400,295859,295113,0,0
41500,295036,294433,0,0
41600,294588,293879,0,0
41700,295707,294939,0,0
41800,295786,295019,0,0
41900,293603,292961,0,0
42000,294212,293643,0,0
42100,294733,294224,0,0
42200,295923,295329,0,0
42300,296353,295632,0,0
42400,295226,294567,0,0
42500,294649,293983,0,0
42600,295689,294885,0,0
42700,295907,295286,0,0
42800,296290,295614,0,0
42900,295793,295008,0,0
43000,296044,295400,0,0
43100,294536,293969,0,0
43200,295780,295133,0,0
43300,296758,296073,0,0
43400,297530,296932,0,0
43500,296704,296035,0,0
43600,296551,295878,0,0
43700,296496,295816,0,0
43800,295939,295279,0,0
43900,295876,295190,0,0
44000,294194,293557,0,0
44100,295908,295323,0,0
44200,296519,295870,0,0
44300,295243,294632,0,0
44400,294544,293897,0,0
44500,295952,295286,0,0
44600,294976,294188,0,0
44700,294465,293843,0,0
44800,294380,293718,0,0
44900,293545,292872,0,0
45000,295215,294518,0,0
45100,294688,293919,0,0
45200,293874,293263,0,0
45300,294975,294259,0,0
45400,296074,295362,0,0
45500,296065,295401,0,0
45600,296180,295527,0,0
45700,296509,295895,0,0
45800,294093,293514,0,0
45900,295053,294238,0,0
46000,294620,293949,0,0
46100,295697,294924,0,0
46200,294635,294116,0,0
46300,296000,295223,0,0
46400,295941,295367,0,0
46500,294710,293930,0,0
46600,293679,292986,0,0
46700,294077,293407,0,0
46800,293597,292952,0,0
46900,293712,293168,0,0
47000,293363,292543,0,0
47100,295619,294924,0,0
47200,294170,293440,0,0
47300,294573,293900,0,0
47400,295599,295005,0,0
47500,294437,293881,0,0
47600,294883,294219,0,0
47700,296323,295706,0,0
47800,295875,295242,0,0
47900,295740,295005,0,0
48000,295592,295068,0,0
48100,295371,294635,0,0
48200,294956,294198,0,0
48300,293561,292911,0,0
48400,294219,293565,0,0
48500,293567,292948,0,0
48600,292975,292418,0,0
48700,295097,294533,0,0
48800,294402,293693,0,0
48900,294535,293821,0,0
49000,294052,293361,0,0
49100,294769,294193,0,0
49200,295436,294898,0,0
49300,294593,293925,0,0
49400,293768,293082,0,0
49500,293875,293145,0,0
49600,293405,292849,0,0
49700,294531,293922,0,0
49800,294213,293477,0,0
49900,294832,294262,0,0
50000,295703,295088,0,0
50100,295110,294580,0,0
50200,294709,293990,0,0
50300,294160,293445,0,0
50400,293902,293250,0,0
50500,293628,292947,0,0
50600,293692,293109,0,0
50700,293694,293100,0,0
50800,294707,294054,0,0
50900,295178,294485,0,0
51000,292193,291264,0,0
51100,293275,292156,0,0
51200,292908,291696,0,0
51300,292516,291283,0,0
51400,291200,289704,0,0
51500,291812,290309,0,0
51600,293660,291776,0,0
51700,294815,292893,0,0
51800,293900,291828,0,0
51900,293762,291841,0,0
52000,295059,292932,0,0
52100,293637,291557,0,0
52200,292580,290322,0,0
52300,292641,290546,0,0
52400,293144,290922,0,0
52500,292641,290376,0,0
52600,291777,289448,0,0
52700,292276,289231,0,0
52800,293057,288682,0,0
52900,292575,287914,0,0
53000,292727,288332,0,0
53100,290864,286651,0,0
53200,293294,289184,0,0
53300,294201,290157,0,0
53400,294186,290073,0,0
53500,296076,291784,0,0
53600,295829,291323,0,0
53700,296103,291186,0,0
53800,295931,290543,0,0
53900,296628,291488,0,0
54000,296265,291170,0,0
54100,297224,291881,0,0
54200,296310,291564,0,0
54300,296441,292374,0,0
54400,295093,290502,0,0
54500,295008,290444,0,0
54600,295848,291426,0,0
54700,296745,292457,0,0
54800,294778,290720,0,0
54900,295977,291798,0,0
55000,294894,291238,0,0
55100,295507,291812,0,0
55200,294431,290988,0,0
55300,294271,291362,0,0
55400,295279,291939,0,0
55500,296324,292970,0,0
55600,293791,290596,0,0
55700,297496,294151,0,0
55800,296027,292803,0,0
55900,297320,294131,0,0
56000,297002,294374,0,0
56100,297610,294453,0,0
56200,297112,294412,0,0
56300,296254,293486,0,0
56400,296285,293455,0,0
56500,297719,295081,0,0
56600,295490,292985,0,0
56700,294929,292654,0,0
56800,295015,292564,0,0
56900,295252,292854,0,0
57000,295495,292997,0,0
57100,295065,292488,0,0
57200,293392,290953,0,0
