update,host_task_NOT,sym_task_NOT,host_task_NAND,sym_task_NAND,host_task_AND,sym_task_AND,host_task_ORN,sym_task_ORN,host_task_OR,sym_task_OR,host_task_ANDN,sym_task_ANDN,host_task_NOR,sym_task_NOR,host_task_XOR,sym_task_XOR,host_task_EQU,sym_task_EQU
0,0,0,0,0,0,0,0,0,0,0,0,0,0,0,0,0,0,0
100,1312,19801,0,0,0,0,0,0,0,0,0,0,0,0,0,0,0,0
200,9131,18923,0,1,0,0,0,0,0,0,0,0,0,0,0,0,0,0
300,9115,18674,0,3,0,0,0,1,0,0,0,0,0,0,0,0,0,0
400,8028,18482,0,5,0,0,0,1,0,0,0,0,0,0,0,0,0,0
500,7580,16960,0,4,0,0,0,1,0,0,0,0,0,0,0,0,0,0
600,7903,16925,0,4,0,0,0,1,0,0,0,0,0,0,0,0,0,0
700,8104,36230,0,63,0,0,0,3,0,4,0,0,0,0,0,0,0,0
800,8144,67336,0,128,0,0,0,3,0,3,0,0,0,0,0,0,0,0
900,7976,175392,0,562,0,9,0,17,0,3,0,0,0,0,0,0,0,0
1000,8011,224960,0,775,0,4,0,33,0,4,0,1,0,0,0,0,0,0
1100,7977,224078,0,1828,0,2,0,148,0,3,0,1,0,0,0,0,0,0
1200,8000,221778,0,2494,0,5,0,80,0,4,0,0,0,0,0,0,0,0
1300,7992,220203,0,3221,0,1,0,28,0,3,0,0,0,0,0,0,0,0
1400,7980,215845,0,6099,0,2,0,13,0,3,0,0,0,0,0,0,0,0
1500,7949,216648,0,6145,0,0,0,34,0,1,0,0,0,0,0,0,0,0
1600,8044,217942,0,3135,0,1,0,100,0,6,0,0,0,0,0,0,0,0
1700,8051,219917,0,761,0,2,0,45,0,2,0,0,0,0,0,0,0,0
1800,7942,219522,0,688,0,1,0,6,0,0,0,1,0,0,0,0,0,0
1900,7984,219580,0,603,0,0,0,9,0,7,0,0,0,0,0,0,0,0
2000,8062,219202,0,1043,0,0,0,15,0,1,0,0,0,0,0,0,0,0
2100,7985,217436,0,1753,0,1,0,3,0,2,0,0,0,0,0,0,0,0
2200,7932,217678,0,2020,0,2,0,23,0,3,0,0,0,0,0,0,0,0
2300,8025,217551,0,2133,0,11,0,3,0,1,0,0,0,0,0,0,0,0
2400,7966,219078,0,589,0,17,0,3,0,0,0,0,0,0,0,0,0,0
2500,7734,218391,0,595,0,1,0,0,0,0,0,0,0,0,0,0,0,0
2600,7046,218267,0,593,0,2,0,5,0,1,0,1,0,0,0,0,0,0
2700,6775,218732,0,576,0,0,0,5,0,1,0,0,0,0,0,0,0,0
2800,6981,218943,0,844,0,1,0,3,0,2,0,0,0,0,0,0,0,0
2900,7272,219492,0,810,0,1,0,3,0,2,0,0,0,0,0,0,0,0
3000,7278,218396,0,1737,0,0,0,1,0,0,0,0,0,0,0,0,0,0
3100,7376,218612,0,1617,1,0,0,8,0,5,0,0,0,0,0,0,0,0
3200,7298,219420,0,949,0,0,0,4,0,2,0,0,0,0,0,0,0,0
3300,7264,216308,0,2745,0,2,0,26,0,0,0,0,0,0,0,0,0,0
3400,7346,215281,0,2567,0,1,0,6,0,0,0,0,0,0,0,0,0,0
3500,7296,217925,0,1574,0,27,1,6,0,4,0,0,0,0,0,0,0,0
3600,7353,218393,0,936,0,0,0,4,0,3,0,0,0,0,0,0,0,0
3700,7322,219780,0,776,0,1,0,3,0,1,0,0,0,0,0,0,0,0
3800,7362,219063,0,317,0,0,1,11,0,1,0,0,0,0,0,0,0,0
3900,7281,220979,0,295,0,1,0,1,0,0,1,0,0,0,0,0,0,0
4000,7300,220455,0,507,0,0,0,1,0,0,0,0,0,0,0,0,0,0
4100,7298,219392,0,666,0,2,0,1,0,2,0,0,0,0,0,0,0,0
4200,7384,218204,0,1481,0,0,0,1,0,1,0,0,0,0,0,0,0,0
4300,7267,218470,0,1562,0,1,0,6,1,1,0,1,0,0,0,0,0,0
4400,7336,216217,0,3204,0,1,0,2,0,3,0,0,0,0,0,0,0,0
4500,7400,215241,0,3527,0,0,1,8,0,2,0,0,0,0,0,0,0,0
4600,7273,218529,0,1787,0,0,0,8,0,1,0,0,0,0,0,0,0,0
4700,7311,219734,0,1053,1,0,1,12,0,2,0,0,0,0,0,0,0,0
4800,7225,217902,0,1262,0,0,1,2,0,0,0,0,0,0,0,0,0,0
4900,7333,219478,0,959,0,3,0,6,0,0,0,0,0,0,0,0,0,0
5000,7225,219031,0,1181,0,1,1,1,1,1,0,0,0,0,0,0,0,0
5100,7043,218593,0,755,0,0,0,7,0,2,0,0,0,0,0,0,0,0
5200,6722,216168,1,554,1,0,0,6,0,2,0,0,0,0,0,0,0,0
5300,6547,216317,0,751,0,0,0,6,0,2,0,0,0,0,0,0,0,0
5400,6665,217061,0,581,0,4,1,5,0,0,0,0,0,0,0,0,0,0
5500,6825,218129,0,686,0,1,0,1,1,1,0,0,0,0,0,0,0,0
5600,6932,218436,1,766,0,1,1,6,1,1,0,0,0,0,0,0,0,0
5700,7017,217740,0,1527,0,1,0,15,0,6,0,0,0,0,0,0,0,0
5800,7020,218041,1,1233,0,2,0,25,1,2,0,0,0,0,0,0,0,0
5900,7028,217884,0,1023,0,0,1,7,1,1,0,0,0,0,0,0,0,0
6000,6989,215091,2,1948,0,1,0,14,1,2,0,0,0,0,0,0,0,0
6100,6980,216855,2,1792,0,1,0,9,1,1,0,0,0,0,0,0,0,0
6200,7005,218635,1,952,0,0,0,2,0,5,0,0,0,0,0,0,0,0
6300,6999,217812,1,1180,0,11,0,3,2,0,0,0,0,0,0,0,0,0
6400,7033,216965,0,1631,0,0,1,6,1,3,0,0,0,0,0,0,0,0
6500,6979,217816,0,1181,0,0,0,4,0,0,0,0,0,0,0,0,0,0
6600,7052,218666,1,856,0,0,0,3,0,0,0,0,0,0,0,0,0,0
6700,6952,218226,1,872,0,7,0,7,0,4,0,0,0,0,0,0,0,0
6800,7012,218302,3,1754,0,0,0,0,0,2,0,0,0,0,0,0,0,0
6900,6995,218831,4,1469,0,2,1,93,1,2,0,0,0,0,0,0,0,0
7000,6999,218433,1,1097,0,0,0,101,0,4,0,0,0,0,0,0,0,0
7100,7085,218895,1,759,0,2,0,5,0,2,0,1,0,0,0,0,0,0
7200,6955,219154,0,651,0,2,0,7,0,2,0,0,0,0,0,0,0,0
7300,7005,220003,0,498,0,2,0,10,0,0,0,0,0,0,0,0,0,0
7400,6967,219551,0,818,0,0,0,4,0,0,0,0,0,0,0,0,0,0
7500,7014,219832,1,769,0,0,1,6,0,2,0,0,0,0,0,0,0,0
7600,6913,219349,0,609,0,0,0,3,0,0,0,0,0,0,0,0,0,0
7700,6673,218353,1,515,0,0,0,12,0,1,1,0,0,0,0,0,0,0
7800,6567,217047,1,544,0,0,1,20,0,0,0,0,0,0,0,0,0,0
7900,6416,217122,1,716,0,0,1,8,0,2,0,0,0,0,0,0,0,0
8000,6574,217449,0,659,0,0,0,12,0,5,0,0,0,0,0,0,0,0
8100,6564,218388,1,820,0,0,2,8,0,2,0,0,0,0,0,0,0,0
8200,6769,217131,1,666,0,0,1,3,0,4,0,0,0,0,0,0,0,0
8300,6734,218579,0,578,0,0,1,23,1,2,0,0,0,0,0,0,0,0
8400,6701,218626,1,385,0,1,0,37,1,0,0,0,0,0,0,0,0,0
8500,6714,219383,1,428,0,0,0,8,2,3,1,0,0,0,0,0,0,0
8600,6850,219635,0,423,0,0,1,3,0,4,0,0,0,0,0,0,0,0
8700,6821,219844,1,423,0,0,0,3,0,2,0,0,0,0,0,0,0,0
8800,6753,218745,0,623,0,4,1,4,0,2,0,0,0,0,0,0,0,0
8900,6793,217762,1,457,0,7,0,3,0,2,0,0,0,0,0,0,0,0
9000,6784,219768,2,377,0,1,0,2,1,2,0,0,0,0,0,0,0,0
9100,6764,219926,0,418,0,2,0,6,1,0,0,0,0,0,0,0,0,0
9200,6739,218859,0,348,0,0,0,2,0,2,0,0,0,0,0,0,0,0
9300,6809,219189,1,425,0,0,0,4,1,3,0,0,0,0,0,0,0,0
9400,6760,217917,0,599,0,0,0,8,0,0,0,0,0,0,0,0,0,0
9500,6776,217610,0,655,0,0,0,5,1,0,0,0,0,0,0,0,0,0
9600,6704,217554,0,690,0,0,0,10,0,2,0,0,0,0,0,0,0,0
9700,6814,219614,1,523,0,0,0,9,0,0,0,0,0,0,0,0,0,0
9800,6766,218748,0,584,0,2,0,1,0,0,0,0,0,0,0,0,0,0
9900,6837,218384,1,553,0,0,0,11,1,2,0,0,0,0,0,0,0,0
10000,6714,217676,0,384,0,0,0,10,0,0,0,0,0,0,0,0,0,0
10100,6753,218167,1,337,0,0,0,3,1,2,0,0,0,0,0,0,0,0
10200,6638,218853,2,291,0,0,0,2,0,1,0,0,0,0,0,0,0,0
10300,6540,217350,2,386,0,0,0,0,0,0,0,0,0,0,0,0,0,0
10400,6379,217191,0,389,0,0,1,14,0,1,0,0,0,0,0,0,0,0
10500,6297,217135,0,284,0,3,0,1,0,2,0,0,0,0,0,0,0,0
10600,6481,217617,1,445,0,0,0,2,0,0,0,1,0,0,0,0,0,0
10700,6468,218733,0,303,0,0,0,5,0,1,0,0,0,0,0,0,0,0
10800,6622,216830,0,297,0,0,1,5,0,1,0,0,0,0,0,0,0,0
10900,6667,218252,0,346,0,2,0,4,0,2,0,0,0,0,0,0,0,0
11000,6636,217132,0,430,0,0,0,21,0,0,0,0,0,0,0,0,0,0
11100,6672,218687,0,393,0,0,1,0,0,1,0,0,0,0,0,0,0,0
11200,6768,217136,0,397,0,0,0,1,0,3,0,0,0,0,0,0,0,0
11300,6682,218271,0,441,0,0,0,1,0,2,0,0,0,0,0,0,0,0
11400,6672,218694,0,471,0,2,0,0,0,1,0,0,0,0,0,0,0,0
11500,6762,217211,1,491,0,0,0,5,0,2,0,0,0,0,0,0,0,0
11600,6673,219484,2,418,0,0,2,1,0,1,0,0,0,0,0,0,0,0
11700,6755,218516,0,324,0,0,0,2,0,2,0,0,0,0,0,0,0,0
11800,6639,219350,1,379,0,1,0,3,0,0,0,0,0,0,0,0,0,0
11900,6767,218657,0,419,1,0,0,6,0,3,0,0,0,0,0,0,0,0
12000,6751,218682,1,282,0,1,0,6,0,3,0,0,0,0,0,0,0,0
12100,6723,219472,1,390,0,6,0,6,1,2,0,0,0,0,0,0,0,0
12200,6688,218794,0,470,0,2,0,15,0,1,0,0,0,0,0,0,0,0
12300,6592,218910,1,339,0,2,0,1,0,0,0,0,0,0,0,0,0,0
12400,6720,219655,0,253,1,2,0,6,1,1,0,0,0,0,0,0,0,0
12500,6724,217879,0,438,0,1,0,4,0,0,0,0,0,0,0,0,0,0
12600,6709,220026,0,434,0,0,0,2,0,2,0,0,0,0,0,0,0,0
12700,6583,220994,0,213,0,0,0,18,0,1,0,0,0,0,0,0,0,0
12800,6647,217567,0,287,0,0,0,110,1,1,0,0,0,0,0,0,0,0
12900,6526,219420,0,193,0,0,1,52,0,5,0,0,0,0,0,0,0,0
13000,6434,219822,0,169,0,1,0,6,1,1,0,0,0,0,0,0,0,0
13100,6329,220300,1,160,0,1,1,11,0,2,0,0,0,0,0,0,0,0
13200,6384,219519,1,149,0,0,0,2,0,0,0,0,0,0,0,0,0,0
13300,6550,220905,0,62,0,0,0,14,0,1,0,0,0,0,0,0,0,0
13400,6509,220693,1,97,0,0,0,3,0,0,0,0,0,0,0,0,0,0
13500,6615,220804,0,98,0,0,0,6,1,1,0,0,0,0,0,0,0,0
13600,6563,221395,1,124,0,0,0,9,0,0,0,0,0,0,0,0,0,0
13700,6640,220463,0,135,0,1,0,1,0,0,0,0,0,0,0,0,0,0
13800,6746,220622,2,99,0,0,0,0,0,4,0,0,0,0,0,0,0,0
13900,6709,220422,0,79,0,1,0,2,0,3,0,0,0,0,0,0,0,0
14000,6625,220175,0,163,0,0,1,4,0,0,0,0,0,0,0,0,0,0
14100,6640,220720,1,103,0,1,0,2,0,1,0,0,0,0,0,0,0,0
14200,6721,221321,1,102,0,0,0,3,0,0,0,0,0,0,0,0,0,0
14300,6663,220378,1,99,0,0,1,29,0,1,0,0,0,0,0,0,0,0
14400,6646,221100,0,83,0,1,2,0,0,1,0,0,0,0,0,0,0,0
14500,6689,220322,2,150,0,1,0,6,1,1,0,0,0,0,0,0,0,0
14600,6743,219727,1,182,0,0,1,3,2,1,0,0,0,0,0,0,0,0
14700,6646,220259,0,201,0,3,0,1,1,2,0,0,0,0,0,0,0,0
14800,6730,219639,0,110,0,1,0,1,0,1,0,0,0,0,0,0,0,0
14900,6645,219995,0,83,0,0,0,48,1,1,0,0,0,0,0,0,0,0
15000,6693,220055,1,143,0,3,0,60,2,1,0,1,0,0,0,0,0,0
15100,6621,220173,0,117,0,0,0,28,2,0,0,0,0,0,0,0,0,0
15200,6681,219624,0,124,0,0,0,0,0,0,0,0,0,0,0,0,0,0
15300,6664,219323,1,99,0,0,0,3,0,0,0,0,0,0,0,0,0,0
15400,6526,219876,0,106,1,0,1,2,0,0,0,0,0,0,0,0,0,0
15500,6477,220027,0,152,0,2,2,6,1,0,0,0,0,0,0,0,0,0
15600,6423,219952,0,123,0,0,0,2,0,3,0,0,0,0,0,0,0,0
15700,6373,220047,1,239,0,0,0,6,0,1,0,0,0,0,0,0,0,0
15800,6382,220555,0,251,0,0,0,2,0,2,0,0,0,0,0,0,0,0
15900,6480,220417,0,155,0,0,0,4,0,2,0,0,0,0,0,0,0,0
16000,6469,220477,2,174,0,0,1,3,1,1,0,0,0,0,0,0,0,0
16100,6572,219862,2,185,0,5,0,6,0,2,0,0,0,0,0,0,0,0
16200,6571,220300,1,217,0,0,0,1,3,1,0,0,0,0,0,0,0,0
16300,6602,220129,1,190,0,1,0,5,1,1,0,0,0,0,0,0,0,0
16400,6607,219562,1,150,0,0,1,17,0,5,0,0,0,0,0,0,0,0
16500,6668,221334,0,199,0,2,1,5,0,2,0,0,0,0,0,0,0,0
16600,6578,221411,0,106,0,2,0,1,0,4,0,0,0,0,0,0,0,0
16700,6679,220816,0,134,0,1,0,1,0,1,0,0,0,0,0,0,0,0
16800,6625,221410,1,144,0,0,0,13,0,5,0,0,0,0,0,0,0,0
16900,6655,219561,0,161,0,0,0,1,0,1,0,0,0,0,0,0,0,0
17000,6651,220674,0,173,0,1,1,6,0,0,0,0,0,0,0,0,0,0
17100,6586,219890,0,123,0,1,0,2,1,1,0,0,0,0,0,0,0,0
17200,6657,220618,0,141,0,0,1,1,2,0,0,0,0,0,0,0,0,0
17300,6621,220360,0,97,0,0,2,0,1,0,0,0,0,1,0,0,0,0
17400,6639,218852,0,123,0,1,0,3,0,3,0,0,0,0,0,0,0,0
17500,6664,219553,0,147,0,0,0,3,0,2,0,0,0,0,0,0,0,0
17600,6497,219540,0,54,0,0,0,4,0,2,0,0,0,0,0,0,0,0
17700,6685,219146,1,67,0,0,1,1,1,0,0,0,0,0,0,0,0,0
17800,6589,220801,0,95,0,1,1,1,1,0,0,0,0,0,0,0,0,0
17900,6622,221712,0,81,0,0,1,6,1,2,0,0,0,0,0,0,0,0
18000,6390,221884,0,130,0,1,0,4,0,2,0,1,0,0,0,0,0,0
18100,6419,221070,0,118,0,0,0,1,0,0,0,0,0,0,0,0,0,0
18200,6413,219613,1,164,0,0,0,2,1,1,0,1,0,0,0,0,0,0
18300,6327,220042,0,130,0,0,0,2,0,2,0,0,0,0,0,0,0,0
18400,6364,220246,0,119,0,0,0,1,0,1,0,0,0,0,0,0,0,0
18500,6306,221338,1,180,0,0,0,1,0,2,0,0,0,0,0,0,0,0
18600,6395,221133,0,198,0,0,1,0,1,3,0,0,0,0,0,0,0,0
18700,6458,221443,0,138,0,0,0,5,1,1,0,0,0,1,0,0,0,0
18800,6526,219627,0,166,0,0,1,2,1,1,0,0,0,0,0,0,0,0
18900,6509,220320,0,92,0,0,0,1,2,7,0,0,0,0,0,0,0,0
19000,6636,219833,0,117,0,1,1,8,1,2,0,0,0,0,0,0,0,0
19100,6600,220105,1,127,0,1,0,0,1,1,0,0,0,0,0,0,0,0
19200,6577,220307,0,87,0,0,0,1,1,1,0,1,0,0,0,0,0,0
19300,6545,220979,2,76,0,1,0,16,1,2,0,0,0,0,0,0,0,0
19400,6544,219977,1,97,0,0,0,7,1,0,0,0,0,0,0,0,0,0
19500,6616,220656,1,80,0,0,2,8,1,1,0,0,0,0,0,0,0,0
19600,6598,220917,0,108,0,0,0,6,1,0,0,0,0,0,0,0,0,0
19700,6627,221629,1,125,0,0,0,8,1,3,0,0,0,0,0,0,0,0
19800,6582,221387,0,90,0,0,0,9,1,0,0,0,0,0,0,0,0,0
19900,6561,221366,2,62,0,0,1,2,1,4,0,0,0,1,0,0,0,0
20000,6520,220467,0,80,0,1,1,14,0,0,0,0,0,0,0,0,0,0
20100,6553,220822,2,84,0,0,0,5,1,1,0,0,0,0,0,0,0,0
20200,6578,221740,0,124,0,0,1,1,1,2,0,0,0,0,0,0,0,0
20300,6532,221585,1,71,0,0,0,2,1,3,0,0,0,0,0,0,0,0
20400,6580,221421,0,94,0,0,0,3,2,2,0,0,0,0,0,0,0,0
20500,6538,220334,1,77,0,0,0,4,1,0,0,0,0,0,0,0,0,0
20600,6446,220856,3,122,0,1,0,5,0,0,0,0,0,0,0,0,0,0
20700,6463,220523,1,89,0,0,2,3,0,4,0,0,0,0,0,0,0,0
20800,6434,220555,0,83,0,1,0,4,0,0,0,0,0,0,0,0,0,0
20900,6366,220421,0,83,0,0,2,5,0,1,0,0,0,0,0,0,0,0
21000,6427,221312,0,80,0,0,1,3,0,1,0,0,0,0,0,0,0,0
21100,6409,220789,0,75,0,3,0,7,0,1,0,0,0,0,0,0,0,0
21200,6334,219628,0,72,0,2,0,21,0,3,0,0,0,0,0,0,0,0
21300,6536,220203,0,84,0,0,0,2,1,1,0,0,0,0,0,0,0,0
21400,6573,220470,1,99,0,1,0,2,2,1,0,1,0,0,0,0,0,0
21500,6589,219582,1,87,0,0,0,5,1,1,0,0,0,0,0,0,0,0
21600,6544,219941,0,133,0,0,0,0,0,0,0,0,0,0,0,0,0,0
21700,6601,222331,1,102,0,0,0,1,0,4,0,0,0,0,0,0,0,0
21800,6648,222535,1,133,0,0,0,7,0,2,0,0,0,0,0,0,0,0
21900,6690,221165,2,117,0,0,0,18,0,0,0,0,0,0,0,0,0,0
22000,6558,222120,0,70,0,1,0,4,0,1,0,0,1,0,0,0,0,0
22100,6627,221581,1,136,0,0,0,3,0,0,0,0,1,0,0,0,0,0
22200,6595,222313,0,65,0,0,1,3,0,4,0,0,0,0,0,0,0,0
22300,6645,221892,1,84,0,0,0,4,0,1,0,1,0,0,0,0,0,0
22400,6551,221396,1,89,0,0,0,2,1,0,0,0,0,0,0,0,0,0
22500,6609,221120,2,63,0,0,0,1,0,1,0,0,0,0,0,0,0,0
22600,6718,220247,1,110,0,0,0,1,0,1,0,0,0,0,0,0,0,0
22700,6620,220234,1,159,0,0,0,4,0,3,0,0,0,0,0,0,0,0
22800,6577,220552,0,161,0,0,0,5,1,1,0,0,0,0,0,0,0,0
22900,6629,221669,0,131,0,0,1,7,2,2,0,0,0,0,0,0,0,0
23000,6579,221070,0,111,1,0,0,18,2,2,0,0,0,0,0,0,0,0
23100,6523,220343,0,150,0,1,2,2,0,0,0,0,0,0,0,0,0,0
23200,6475,220438,1,166,0,1,0,18,0,7,0,0,0,0,0,0,0,0
23300,6496,220304,0,167,0,0,1,12,0,0,0,0,0,0,0,0,0,0
23400,6475,220509,0,211,0,2,1,2,1,2,0,0,0,0,0,0,0,0
23500,6461,220261,0,211,0,0,0,3,1,1,0,0,0,0,0,0,0,0
23600,6330,220198,2,381,0,0,0,11,0,4,0,0,0,0,0,0,0,0
23700,6453,220039,1,469,0,0,0,0,0,3,0,0,0,0,0,0,0,0
23800,6340,218546,1,556,0,3,0,1,0,0,0,0,0,0,0,0,0,0
23900,6563,219500,0,735,0,5,0,1,0,2,0,0,0,0,0,0,0,0
24000,6413,219208,0,712,0,0,1,2,0,1,0,0,0,0,0,0,0,0
24100,6582,218124,1,869,0,0,1,0,0,1,0,0,0,0,0,0,0,0
24200,6629,217470,0,770,0,1,1,2,0,2,0,0,0,0,0,0,0,0
24300,6650,217206,0,898,0,0,0,1,0,1,0,0,0,0,0,0,0,0
24400,6614,217732,1,963,0,0,1,4,2,0,0,0,0,0,0,0,0,0
24500,6631,218115,2,1001,0,2,0,2,2,0,0,0,0,0,0,0,0,0
24600,6576,217886,4,1027,0,0,3,0,2,0,0,0,0,1,0,0,0,0
24700,6568,218814,1,845,0,0,1,3,0,1,0,0,1,0,0,0,0,0
24800,6650,219564,0,697,0,0,0,3,0,0,1,0,0,0,0,0,0,0
24900,6631,220056,1,582,0,1,0,1,0,0,1,0,0,0,0,0,0,0
25000,6595,219874,0,754,0,0,0,1,0,0,1,0,0,0,0,0,0,0
25100,6579,219237,0,711,0,0,0,6,1,0,1,0,0,0,0,0,0,0
25200,6651,219941,0,664,0,0,0,0,0,2,0,1,0,0,0,0,0,0
25300,6634,219350,0,738,0,0,1,1,1,0,0,0,0,0,0,0,0,0
25400,6571,219706,0,696,0,0,2,7,1,3,0,0,0,0,0,0,0,0
25500,6577,219737,0,702,0,0,0,1,1,0,0,0,0,0,0,0,0,0
25600,6655,219314,1,563,0,0,2,9,0,2,0,0,0,0,0,0,0,0
25700,6523,219401,0,506,0,0,3,0,0,0,0,0,0,0,0,0,0,0
25800,6540,221656,0,578,0,0,3,9,0,1,0,0,0,0,0,0,0,0
25900,6373,221515,0,517,0,0,2,2,0,0,0,0,0,0,0,0,0,0
26000,6418,220648,2,495,0,0,2,2,4,2,0,0,0,0,0,0,0,0
26100,6446,220052,1,612,0,1,0,1,1,0,0,0,0,0,0,0,0,0
26200,6351,220267,0,529,0,0,0,3,2,2,0,0,0,0,0,0,0,0
26300,6346,219342,1,584,0,0,1,1,0,0,0,0,0,0,0,0,0,0
26400,6447,219867,1,686,0,0,0,1,1,3,0,1,0,0,0,0,0,0
26500,6432,220286,2,461,0,0,1,0,0,6,0,0,0,0,0,0,0,0
26600,6496,219920,1,576,0,1,1,0,0,0,0,0,0,0,0,0,0,0
26700,6563,220116,1,597,0,0,0,4,0,0,0,0,0,0,0,0,0,0
26800,6684,219390,0,612,0,0,0,1,0,0,0,0,0,0,0,0,0,0
26900,6521,218569,2,736,0,0,0,1,0,0,0,0,0,0,0,0,0,0
27000,6604,220032,1,907,0,0,2,2,1,4,0,0,0,0,0,0,0,0
27100,6633,218623,1,758,0,0,1,2,0,1,0,0,0,0,0,0,0,0
27200,6650,219113,2,871,0,0,1,3,1,1,0,0,0,0,0,0,0,0
27300,6616,219147,1,913,0,4,0,1,0,1,0,0,0,0,0,0,0,0
27400,6595,218448,0,810,0,1,0,2,1,1,0,0,0,0,0,0,0,0
27500,6651,218785,1,767,0,0,0,1,1,1,0,0,0,0,0,0,0,0
27600,6631,218400,1,599,0,0,0,1,0,0,0,0,0,0,0,0,0,0
27700,6631,218894,1,651,0,0,0,0,1,1,0,0,0,0,0,0,0,0
27800,6616,218736,0,722,0,0,1,0,0,0,0,0,0,0,0,0,0,0
27900,6553,218612,3,820,0,0,0,3,1,1,0,0,0,0,0,0,0,0
28000,6603,219130,2,740,0,0,0,4,0,2,0,1,0,0,0,0,0,0
28100,6614,218300,1,634,1,0,1,1,0,1,0,0,0,0,0,0,0,0
28200,6620,219148,1,636,0,0,1,0,0,0,0,0,0,0,0,0,0,0
28300,6555,220006,2,552,0,0,2,0,1,6,0,0,0,0,0,0,0,0
28400,6454,219715,1,625,0,0,0,0,0,3,0,0,0,0,0,0,0,0
28500,6466,219044,1,549,0,0,0,4,2,2,0,0,0,0,0,0,0,0
28600,6327,219756,1,431,0,0,0,0,2,0,0,0,0,0,0,0,0,0
28700,6444,219554,3,516,0,0,0,2,1,0,0,0,0,0,0,0,0,0
28800,6389,220062,5,407,0,0,1,3,0,2,0,0,0,0,0,0,0,0
28900,6427,219160,5,369,0,0,1,1,0,0,0,0,0,0,0,0,0,0
29000,6342,219320,4,319,0,0,1,1,0,0,0,0,0,0,0,0,0,0
29100,6406,220538,5,328,0,0,0,1,2,1,0,0,0,0,0,0,0,0
29200,6518,219954,5,306,0,0,0,0,0,0,0,0,0,0,0,0,0,0
29300,6535,219540,10,353,0,0,0,2,0,1,0,0,0,0,0,0,0,0
29400,6600,220233,11,258,0,0,0,3,0,1,0,0,0,0,0,0,0,0
29500,6446,220582,9,347,0,0,0,2,2,2,0,0,0,0,0,0,0,0
29600,6591,218099,11,337,0,0,0,9,1,1,0,0,0,0,0,0,0,0
29700,6573,219766,8,286,0,0,1,3,1,0,0,0,0,0,0,0,0,0
29800,6558,220572,10,312,0,1,0,1,0,0,0,0,0,0,0,0,0,0
29900,6654,220526,12,324,0,2,2,0,0,1,0,0,0,0,0,0,0,0
30000,6609,220095,14,481,0,0,0,0,1,0,0,0,0,0,0,0,0,0
30100,6461,220996,10,634,0,0,2,6,0,4,0,0,0,0,0,0,0,0
30200,6638,220996,8,798,0,0,2,0,2,0,0,0,0,0,0,0,0,0
30300,6627,220389,8,702,0,0,1,0,1,0,0,0,0,0,0,0,0,0
30400,6572,220329,5,696,0,0,2,0,1,2,0,0,0,0,0,0,0,0
30500,6569,219356,5,716,0,1,0,2,0,1,0,0,0,0,0,0,0,0
30600,6623,220253,5,695,1,0,1,1,0,0,0,0,0,0,0,0,0,0
30700,6571,218699,6,548,0,0,0,9,0,3,0,0,0,0,0,0,0,0
30800,6511,220027,8,566,0,2,0,7,0,1,0,0,0,0,0,0,0,0
30900,6594,218455,9,560,0,0,2,1,0,0,0,0,0,0,0,0,0,0
31000,6556,219297,12,465,0,2,0,3,0,2,0,0,0,0,0,0,0,0
31100,6455,220107,11,1045,0,0,0,9,1,0,0,1,0,0,0,0,0,0
31200,6450,220453,11,1939,0,1,0,23,2,4,0,0,0,0,0,0,0,0
31300,6419,219635,7,1676,0,0,0,14,1,2,0,0,0,0,0,0,0,0
31400,6388,219517,11,728,0,1,1,0,2,1,0,0,0,0,0,0,0,0
31500,6405,218760,9,583,0,2,0,1,2,0,0,0,0,0,0,0,0,0
31600,6410,218197,7,560,0,1,1,5,2,1,0,0,0,0,0,0,0,0
31700,6409,219127,5,499,0,0,3,0,0,4,0,0,0,0,0,0,0,0
31800,6524,219709,9,585,0,0,4,1,0,1,0,0,0,0,0,0,0,0
31900,6513,218878,9,695,0,0,1,2,0,3,0,0,0,0,0,0,0,0
32000,6572,219093,9,624,0,0,0,2,0,0,0,0,0,0,0,0,0,0
32100,6556,220176,10,595,0,1,3,1,0,1,0,0,0,0,0,0,0,0
32200,6574,220415,8,557,0,0,0,0,0,3,0,0,0,0,0,0,0,0
32300,6549,220939,7,514,0,1,1,4,3,1,0,0,0,0,0,0,0,0
32400,6629,220701,13,533,0,1,3,2,2,0,0,0,0,0,0,0,0,0
32500,6604,220026,8,617,0,0,0,0,1,1,0,0,1,0,0,0,0,0
32600,6607,218985,8,597,0,0,0,2,2,3,0,0,0,0,0,0,0,0
32700,6662,219457,9,592,0,0,0,6,0,0,0,0,0,0,0,0,0,0
32800,6602,220183,8,381,0,0,1,1,0,2,0,0,0,0,0,0,0,0
32900,6666,219481,13,362,0,0,1,3,0,1,0,0,0,0,0,0,0,0
33000,6555,220480,11,374,0,0,2,1,0,1,0,1,0,0,0,0,0,0
33100,6607,221020,15,375,0,0,0,10,0,1,0,0,0,0,0,0,0,0
33200,6554,220550,11,469,0,0,0,0,1,2,0,0,0,0,0,0,0,0
33300,6635,218881,13,344,0,0,2,1,0,0,1,0,0,0,0,0,0,0
33400,6551,218233,15,405,0,1,0,0,0,0,0,0,0,0,0,0,0,0
33500,6511,218685,10,512,0,1,1,3,1,1,0,0,0,1,0,0,0,0
33600,6503,219098,13,603,0,1,1,4,0,2,0,0,0,0,0,0,0,0
33700,6467,219667,20,626,0,2,0,3,0,1,0,0,0,0,0,0,0,0
33800,6512,219462,17,517,0,0,0,8,0,0,0,0,0,0,0,0,0,0
33900,6377,220296,15,545,0,0,1,2,1,0,0,0,0,0,0,0,0,0
34000,6409,218789,14,510,0,0,0,2,0,0,0,0,0,0,0,0,0,0
34100,6376,220390,12,602,0,0,1,4,0,0,0,0,0,0,0,0,0,0
34200,6435,219725,11,555,0,0,0,2,1,1,0,0,0,0,0,0,0,0
34300,6477,219920,9,585,0,0,0,3,1,3,0,1,0,1,0,0,0,0
34400,6492,220694,10,651,0,1,1,1,0,0,0,0,0,0,0,0,0,0
34500,6581,221045,14,584,0,0,0,2,1,2,0,0,0,0,0,0,0,0
34600,6581,220828,11,560,0,0,0,4,0,5,0,0,0,0,0,0,0,0
34700,6521,221275,12,494,0,1,0,4,1,0,0,0,0,0,0,0,0,0
34800,6594,221300,9,526,0,4,0,11,0,0,0,0,0,0,0,0,0,0
34900,6536,220450,13,572,0,1,0,12,1,0,0,0,0,0,0,0,0,0
35000,6561,221168,14,631,0,0,0,6,3,2,0,0,0,0,0,0,0,0
35100,6651,219435,14,755,0,0,0,1,1,2,0,0,1,0,0,0,0,0
35200,6612,219597,16,708,0,0,1,2,2,4,0,0,0,0,0,0,0,0
35300,6588,220700,13,908,0,6,1,0,1,4,0,0,0,0,0,0,0,0
35400,6650,219724,13,1154,0,2,2,0,1,2,0,0,0,0,0,0,0,0
35500,6613,220529,13,1126,0,0,0,3,0,2,0,0,0,0,0,0,0,0
35600,6668,219838,13,900,0,1,2,2,1,0,0,0,0,1,0,0,0,0
35700,6583,219808,10,917,1,0,2,0,1,1,0,0,0,0,0,0,0,0
35800,6636,219431,14,714,0,0,2,5,0,2,0,0,0,0,0,0,0,0
35900,6619,219916,15,686,0,0,1,3,2,1,0,0,0,0,0,0,0,0
36000,6549,220302,17,662,0,0,0,4,1,1,0,0,0,0,0,0,0,0
36100,6609,219501,22,743,0,0,1,0,0,1,0,0,0,0,0,0,0,0
36200,6605,219526,21,675,0,1,1,4,0,0,0,0,0,0,0,0,0,0
36300,6550,218678,19,827,0,0,3,2,0,0,0,0,0,0,0,0,0,0
36400,6461,219424,20,975,0,2,1,3,2,2,0,0,0,0,0,0,0,0
36500,6454,220232,21,990,0,0,0,3,0,1,0,0,0,0,0,0,0,0
36600,6500,219377,18,1084,0,5,1,3,1,0,0,0,0,0,0,0,0,0
36700,6465,219189,14,1171,0,7,1,4,2,1,0,0,0,0,0,0,0,0
36800,6456,218184,11,1300,0,1,1,7,0,1,0,0,0,0,0,0,0,0
36900,6464,219173,11,1443,0,0,0,1,0,1,0,0,0,0,0,0,0,0
37000,6488,220280,16,1402,0,0,0,12,0,0,0,0,0,0,0,0,0,0
37100,6517,217938,15,1628,0,2,0,2,0,0,0,0,0,0,0,0,0,0
37200,6670,216663,10,1681,0,0,0,3,2,0,0,0,0,0,0,0,0,0
37300,6649,217400,10,1858,0,4,2,1,4,2,0,0,0,0,0,0,0,0
37400,6592,218830,12,1773,0,0,2,5,0,0,0,0,0,0,0,0,0,0
37500,6533,217746,13,1760,0,0,0,6,1,1,0,0,0,0,0,0,0,0
37600,6607,218426,5,1532,0,0,1,5,0,0,0,0,0,0,0,0,0,0
37700,6658,218329,18,1631,0,2,1,4,0,0,0,0,0,0,0,0,0,0
37800,6594,219037,13,1615,0,3,1,6,0,0,0,0,0,0,0,0,0,0
37900,6706,219273,12,1662,0,1,1,6,0,1,0,0,0,0,0,0,0,0
38000,6647,218800,10,1726,0,4,0,2,0,1,0,0,0,0,0,0,0,0
38100,6687,218785,10,1970,0,0,0,4,0,0,1,0,0,0,0,0,0,0
38200,6600,218244,15,1932,0,0,0,4,0,2,0,0,0,0,0,0,0,0
38300,6673,217279,15,1858,0,0,0,5,1,1,0,0,1,0,0,0,0,0
38400,6700,217367,16,1961,0,1,1,1,0,1,0,0,0,0,0,0,0,0
38500,6645,218824,19,1684,0,0,3,1,0,2,0,0,0,0,0,0,0,0
38600,6676,217250,19,1594,0,2,0,1,0,1,0,0,0,0,0,0,0,0
38700,6614,217097,22,1770,0,2,0,1,1,2,0,0,0,0,0,0,0,0
38800,6532,218140,20,1900,0,0,0,2,2,2,0,0,0,0,0,0,0,0
38900,6543,217912,20,1993,0,1,0,2,0,0,1,0,0,0,0,0,0,0
39000,6539,217738,20,1888,0,0,0,0,1,2,0,0,1,0,0,0,0,0
39100,6548,216600,20,2073,0,0,0,2,0,1,0,1,1,0,0,0,0,0
39200,6498,217365,21,1877,0,0,0,0,0,1,0,0,0,0,0,0,0,0
39300,6544,218985,19,1924,0,0,1,1,0,0,0,0,0,0,0,0,0,0
39400,6524,218377,18,2168,1,0,0,1,0,0,0,0,0,0,0,0,0,0
39500,6502,217113,19,2007,0,2,2,6,1,3,0,0,0,1,0,0,0,0
39600,6612,217043,15,2070,0,0,1,2,2,0,0,0,0,0,0,0,0,0
39700,6699,218441,19,1940,0,2,0,8,1,1,0,0,0,0,0,0,0,0
39800,6631,217341,19,2041,0,0,1,1,0,0,0,0,0,0,0,0,0,0
39900,6686,217142,13,1918,0,0,1,1,2,4,0,0,1,0,0,0,0,0
40000,6725,217575,15,2015,0,2,0,2,1,2,0,0,0,0,0,0,0,0
40100,6729,217261,19,1999,0,1,1,23,1,0,0,0,0,0,0,0,0,0
40200,6774,217929,13,1686,1,0,1,16,0,2,0,0,0,0,0,0,0,0
40300,6784,217242,18,2099,0,1,2,0,1,2,0,0,0,0,0,0,0,0
40400,6729,217336,14,1857,0,0,0,0,0,1,0,0,0,0,0,0,0,0
40500,6802,218027,17,1680,0,0,2,5,0,2,0,1,0,0,0,0,0,0
40600,6850,217833,16,1912,0,2,0,2,0,0,0,0,0,0,0,0,0,0
40700,6802,217686,18,1977,0,0,0,1,0,0,0,0,0,0,0,0,0,0
40800,6819,218686,21,1825,0,0,0,0,1,2,0,1,0,0,0,0,0,0
40900,6931,217470,22,1883,0,0,1,0,1,1,0,0,0,0,0,0,0,0
41000,6788,217302,22,1990,0,0,0,5,1,1,0,0,0,0,0,0,0,0
41100,6871,216837,21,2059,0,2,0,8,0,0,0,0,0,0,0,0,0,0
41200,6865,216823,29,2097,0,11,0,1,0,2,0,0,0,0,0,0,0,0
41300,6806,215635,27,2145,0,4,1,9,2,0,0,0,0,0,0,0,0,0
41400,6736,215952,25,1947,0,0,1,5,0,0,0,0,0,0,0,0,0,0
41500,6833,215187,25,1982,0,1,1,6,0,2,0,0,0,0,0,0,0,0
41600,6785,216056,27,2250,0,0,1,2,0,1,0,0,0,0,0,0,0,0
41700,6787,217106,23,1890,0,1,0,9,0,1,0,0,0,0,0,0,0,0
41800,6690,217270,21,2131,0,1,0,8,1,2,0,0,0,0,0,0,0,0
41900,6777,216463,20,1881,0,0,1,3,0,0,0,0,0,0,0,0,0,0
42000,6806,218494,23,1970,0,1,2,3,0,0,0,0,1,0,0,0,0,0
42100,6838,217491,26,1871,0,0,1,1,1,1,0,2,0,0,0,0,0,0
42200,6824,218129,20,1727,0,1,2,7,0,1,0,0,0,0,0,0,0,0
42300,6845,218417,16,1639,0,0,0,10,1,0,0,0,0,0,0,0,0,0
42400,7087,217933,18,1559,0,0,0,3,0,3,0,0,0,0,0,0,0,0
42500,6952,215759,17,1926,0,2,1,5,0,1,0,0,0,0,0,0,0,0
42600,6904,216735,14,1830,0,1,1,15,0,1,0,0,0,0,0,0,0,0
42700,7000,217144,17,1917,0,0,0,3,0,1,0,0,0,0,0,0,0,0
42800,7098,216993,17,1927,0,1,0,3,0,1,0,0,0,0,0,0,0,0
42900,7128,217678,20,1822,0,0,0,1,1,0,0,0,0,0,0,0,0,0
43000,7118,217031,17,2065,0,0,0,1,1,0,1,0,0,0,0,0,0,0
43100,7094,217623,17,1578,0,0,0,2,1,3,0,0,0,0,0,0,0,0
43200,7207,217638,18,2061,0,0,0,2,2,0,0,0,0,0,0,0,0,0
43300,7247,217575,22,2131,0,0,0,1,2,0,0,0,0,0,0,0,0,0
43400,7289,216423,21,2153,0,0,2,1,0,0,0,0,0,0,0,0,0,0
43500,7431,217368,24,2123,0,0,0,4,0,5,0,0,0,0,0,0,0,0
43600,7353,216382,21,2013,0,1,1,12,1,1,0,0,0,0,0,0,0,0
43700,7282,216430,29,1961,0,0,0,5,0,5,0,0,0,0,0,0,0,0
43800,7405,216424,30,2111,0,0,3,1,2,1,0,0,0,0,0,0,0,0
43900,7481,216766,35,2156,0,0,1,2,1,2,0,0,0,0,0,0,0,0
44000,7496,216118,29,1897,0,3,0,8,1,1,0,1,0,0,0,0,0,0
44100,7543,216845,34,1983,0,7,0,19,0,3,0,0,0,0,0,0,0,0
44200,7532,216184,27,2312,0,0,1,2,3,2,0,0,0,0,0,0,0,0
44300,7529,217264,28,2137,0,0,0,4,1,1,0,0,0,0,0,0,0,0
44400,7620,216326,26,2145,0,0,0,5,1,3,0,0,0,0,0,0,0,0
44500,7587,216929,29,1884,0,1,0,5,0,1,0,0,0,0,0,0,0,0
44600,7710,217243,24,2062,0,0,0,1,0,0,0,0,0,0,0,0,0,0
44700,7683,216162,24,1911,0,1,0,8,1,1,0,0,0,0,0,0,0,0
44800,7798,216143,26,1895,0,0,0,0,0,1,0,0,0,0,0,0,0,0
44900,7833,214332,25,2250,0,1,0,3,0,1,0,0,0,0,0,0,0,0
45000,7784,212662,21,2315,1,1,0,13,0,1,0,0,0,0,0,0,0,0
45100,7965,215240,21,1925,0,0,0,4,0,1,0,0,0,0,0,0,0,0
45200,8030,215995,18,1861,0,1,0,15,2,1,0,0,0,0,0,0,0,0
45300,8104,213626,18,1563,0,0,0,5,0,0,0,0,1,0,0,0,0,0
45400,8215,210376,20,1550,0,7,1,6,2,1,0,0,0,0,0,0,0,0
45500,8276,210441,21,1786,0,0,0,1,0,4,0,0,0,0,0,0,0,0
45600,8363,211123,24,1770,0,1,1,41,0,2,0,0,0,0,0,0,0,0
45700,8605,211298,21,1804,0,0,0,8,1,0,0,0,0,0,0,0,0,0
45800,8612,209760,27,1792,0,1,0,2,3,0,0,0,0,0,0,0,0,0
45900,8723,210432,25,1633,0,0,0,2,1,3,0,0,0,0,0,0,0,0
46000,8968,208950,21,1781,0,1,0,1,1,1,0,0,0,0,0,0,0,0
46100,9004,212168,22,1945,0,0,3,2,1,0,0,0,0,0,0,0,0,0
46200,9172,212621,27,1972,0,0,1,2,1,1,0,0,0,0,0,0,0,0
46300,9307,212572,30,2110,0,1,2,4,1,0,0,0,1,0,0,0,0,0
46400,9546,211645,21,2037,0,0,2,0,1,2,0,0,1,0,0,0,0,0
46500,9700,212525,25,1871,1,0,0,0,1,4,0,0,0,0,0,0,0,0
46600,9760,214036,27,1997,0,3,0,2,1,5,0,0,0,0,0,0,0,0
46700,9946,213933,27,1837,0,1,0,6,1,1,0,0,0,0,0,0,0,0
46800,10048,215830,24,1815,0,0,3,2,1,3,0,0,0,0,0,0,0,0
46900,10063,213536,28,1965,0,1,1,5,2,0,0,0,0,0,0,0,0,0
47000,10113,213317,26,1948,0,1,1,6,5,2,0,0,0,0,0,0,0,0
47100,10118,211006,15,1938,0,0,0,2,0,0,0,0,0,0,0,0,0,0
47200,10458,207398,23,1677,0,1,0,1,1,0,0,0,0,0,0,0,0,0
47300,10311,207053,18,1762,1,0,3,4,0,0,0,0,0,0,0,0,0,0
47400,10554,205848,21,1712,0,4,0,10,1,0,0,0,0,0,0,0,0,0
47500,10660,206927,18,1681,1,2,4,1,0,1,0,0,0,0,0,0,0,0
47600,10832,203698,20,1610,0,0,0,2,3,1,0,0,0,0,0,0,0,0
47700,11133,200803,21,1610,0,0,4,0,0,2,0,0,0,0,0,0,0,0
47800,11356,204578,22,1488,0,0,2,2,2,0,0,0,0,0,0,0,0,0
47900,11578,207430,23,1803,0,0,1,3,1,1,0,0,0,0,0,0,0,0
48000,11821,210861,17,1812,0,0,1,1,0,1,0,0,0,0,0,0,0,0
48100,12171,214142,22,1862,0,1,3,1,1,0,0,0,0,0,0,0,0,0
48200,12427,215736,21,1726,0,1,2,0,3,3,0,0,0,0,0,0,0,0
48300,12786,216969,24,1771,0,0,2,0,0,1,0,0,0,0,0,0,0,0
48400,13109,217994,24,1998,0,0,1,0,2,0,0,0,0,0,0,0,0,0
48500,13379,217622,25,1807,0,0,1,7,1,0,0,0,0,0,0,0,0,0
48600,13907,218027,24,1995,0,0,1,5,2,1,0,0,0,0,0,0,0,0
48700,14225,217010,26,1834,0,0,2,0,0,1,0,0,0,0,0,0,0,0
48800,14715,216472,26,1803,0,2,4,2,3,0,0,0,0,0,0,0,0,0
48900,14911,216239,25,1626,0,0,3,1,4,0,0,0,0,0,0,0,0,0
49000,15308,216091,21,1957,0,2,3,3,2,3,0,0,0,0,0,0,0,0
49100,15624,216342,33,1617,0,1,2,8,0,3,1,0,0,0,0,0,0,0
49200,16077,216692,32,1820,1,3,2,4,2,0,1,0,0,0,0,1,0,0
49300,16377,217119,36,1728,0,1,2,2,1,0,0,0,1,0,0,0,0,0
49400,16700,216745,34,1679,0,1,2,7,0,5,0,0,0,0,0,0,0,0
49500,16872,217910,42,1733,0,0,1,10,2,3,1,0,0,0,0,0,0,0
49600,17062,217156,38,1593,0,0,1,3,1,0,1,0,0,0,0,0,0,0
49700,17601,217636,29,1817,0,0,9,4,1,0,1,0,0,0,0,0,0,0
49800,17643,216426,36,1818,0,1,1,1,2,0,1,0,0,0,0,0,0,0
49900,17706,216175,34,1676,0,0,4,1,0,0,0,0,0,0,0,0,0,0
50000,18167,216483,34,1849,0,1,4,31,2,1,0,0,0,0,0,0,0,0
50100,18452,216550,33,1534,0,1,5,4,1,2,0,0,0,0,0,0,0,0
50200,18853,217131,47,1728,0,1,7,4,0,0,0,0,0,0,0,0,0,0
50300,19127,217852,38,1529,0,0,5,1,0,0,1,0,0,0,0,0,0,0
50400,19639,217275,27,1448,0,0,2,8,2,1,0,0,0,0,0,0,0,0
50500,20281,217436,26,1485,0,0,4,0,0,1,0,0,0,0,0,0,0,0
50600,20786,216846,40,1295,0,0,7,0,0,2,0,0,2,0,0,0,0,0
50700,21109,215879,39,1481,0,0,6,0,4,2,0,0,0,0,0,0,0,0
50800,21601,215458,41,1477,0,1,4,2,0,1,0,0,1,0,0,0,0,0
50900,22082,216939,41,1559,0,0,2,1,0,2,0,0,0,0,0,0,0,0
51000,22480,215487,41,1724,0,2,5,1,1,0,0,0,0,0,0,0,0,0
51100,22941,215622,40,1694,1,2,3,2,1,0,1,1,0,0,0,0,0,0
51200,23358,215721,45,1542,0,2,2,0,0,2,0,0,0,0,0,0,0,0
51300,23726,216824,53,1578,1,0,5,3,1,1,0,0,1,0,0,0,0,0
51400,24015,216867,54,1837,0,6,5,7,1,2,0,0,0,0,0,0,0,0
51500,24640,217269,53,1623,0,0,6,0,3,0,0,0,0,0,0,0,0,0
51600,25065,216981,61,1647,0,0,1,11,2,2,0,0,0,0,0,0,0,0
51700,25547,217769,54,1578,1,0,4,3,2,3,0,0,0,0,0,0,0,0
51800,25946,217415,45,1509,1,0,5,3,1,1,2,0,0,0,0,0,0,0
51900,26368,216888,49,1386,2,1,5,0,0,0,0,0,1,0,0,0,0,0
52000,26470,217420,50,1444,0,1,8,2,2,1,0,0,0,0,0,0,0,0
52100,26784,217308,52,1464,2,0,9,3,4,1,0,0,1,0,0,0,0,0
52200,26903,217672,57,1675,0,0,12,4,0,0,0,0,0,0,0,0,0,0
52300,27432,218468,71,1457,1,0,10,2,2,2,0,0,0,0,0,0,0,0
52400,27805,219526,65,1465,1,1,14,3,1,0,0,0,0,0,0,0,0,0
52500,28104,219318,69,1540,2,0,12,6,1,0,1,0,0,0,0,0,0,0
52600,28498,217133,69,1609,1,0,19,20,1,0,1,0,0,0,0,0,0,0
52700,28799,218052,72,1475,0,1,21,1,0,1,0,0,1,0,0,0,0,0
52800,29138,217709,104,1453,0,0,21,6,1,0,0,0,0,0,0,0,0,0
52900,29445,217085,105,1348,0,0,20,3,1,1,0,0,0,0,0,0,0,0
53000,29939,216701,97,1563,0,0,16,2,3,0,0,0,0,0,0,0,0,0
53100,30310,217530,100,1611,0,0,21,3,1,0,0,0,0,0,0,0,0,0
53200,30599,216819,83,1714,0,2,13,2,0,0,0,0,0,0,0,0,0,0
53300,30817,216014,96,1637,2,0,19,2,2,0,0,1,0,0,0,0,0,0
53400,31283,216624,93,1743,0,0,34,0,2,2,0,0,0,0,0,0,0,0
53500,31441,215354,96,1765,0,1,34,5,0,0,0,0,0,0,0,0,0,0
53600,31795,215453,90,1650,1,0,49,5,3,0,0,0,1,0,0,0,0,0
53700,32218,215682,78,1869,1,0,61,3,1,4,0,0,1,0,0,0,0,0
53800,32711,216182,88,1571,0,0,93,2,0,3,1,0,0,0,0,0,0,0
53900,32822,215630,92,1696,1,0,106,2,2,3,0,0,0,0,0,0,0,0
54000,33319,215616,79,1688,0,0,113,0,2,1,0,0,0,0,0,0,0,0
54100,33841,215728,121,1681,5,2,114,0,2,0,0,0,0,0,0,0,0,0
54200,34151,215348,154,1749,3,0,114,1,0,1,0,0,0,0,0,0,0,0
54300,34513,216060,155,1752,2,5,113,10,0,2,0,0,2,0,0,0,0,0
54400,34695,214710,121,1942,0,1,106,5,1,0,0,0,0,0,0,0,0,0
54500,35105,214339,135,1760,0,0,129,36,0,0,0,0,0,0,0,0,0,0
54600,35876,215588,190,1779,0,1,170,13,0,1,0,0,0,0,0,0,0,0
54700,36200,216086,207,2041,0,1,213,2,0,0,1,0,0,0,0,0,0,0
54800,36741,216596,217,1952,0,0,307,0,1,1,1,0,0,0,0,0,0,0
54900,37060,214315,228,2103,1,3,337,2,2,4,0,0,0,0,0,0,0,0
55000,37147,215761,208,2116,0,2,413,2,1,3,1,0,0,0,0,0,0,0
55100,37460,214570,203,2076,0,0,436,3,1,0,0,0,0,0,0,0,0,0
55200,37806,214504,336,2273,1,0,486,8,2,1,0,0,0,0,0,0,0,0
55300,37948,215255,319,2367,0,1,568,9,0,0,0,0,0,0,0,0,0,0
55400,38002,215274,290,2181,0,1,688,21,2,0,0,0,0,0,0,0,0,0
55500,38543,213093,384,2001,0,0,800,12,1,2,0,1,1,0,0,0,0,0
55600,39206,211546,402,2440,0,2,833,137,0,1,0,0,0,0,0,0,0,0
55700,39292,210253,339,2428,3,1,548,1397,2,0,0,0,0,0,0,0,0,0
55800,39193,210801,322,2590,0,1,240,2324,1,0,1,0,0,0,0,0,0,0
55900,39961,211441,339,2484,2,2,213,2242,1,1,1,0,0,0,0,0,0,0
56000,40175,213114,334,2474,0,2,202,2103,0,2,0,0,0,0,0,0,0,0
56100,40580,213212,333,2465,1,2,192,2104,2,2,0,0,0,0,0,0,0,0
56200,41047,212617,335,2621,1,1,178,1825,2,0,0,0,0,0,0,0,0,0
56300,41865,213980,356,2143,1,0,182,1916,4,2,1,0,0,0,0,0,0,0
56400,42236,215441,381,2221,1,1,174,1736,3,1,0,0,0,0,0,0,0,0
56500,26884,214190,246,2411,1,0,103,1425,0,1,2,0,0,0,0,0,0,0
56600,9860,213812,103,2639,0,1,37,1523,0,1,0,0,0,0,0,0,0,0
56700,9851,214959,109,2596,0,0,40,1850,0,1,0,0,0,0,0,0,0,0
56800,9833,214910,120,2564,0,1,47,1327,0,2,0,0,0,0,0,0,0,0
56900,9854,213421,106,2925,0,0,39,1095,1,0,0,0,0,0,0,0,0,0
57000,9880,213564,84,2730,1,0,35,1305,0,5,0,0,0,0,0,0,0,0
57100,9864,213365,103,2961,0,1,33,1541,0,2,0,0,0,0,0,0,0,0
57200,9891,214079,84,2764,0,1,25,1319,0,2,0,0,0,0,0,0,0,0
57300,9871,214361,94,2860,0,0,35,1384,0,0,0,0,0,0,0,0,0,0
57400,9878,213840,91,3227,0,1,29,1341,2,0,0,0,0,0,0,0,0,0
57500,9877,214585,88,2748,0,1,35,1519,0,3,0,0,0,0,0,0,0,0
57600,9890,213446,85,2830,0,0,24,1405,0,1,0,1,1,0,0,0,0,0
57700,9882,213578,95,2895,0,2,22,1344,1,1,0,0,0,0,0,0,0,0
57800,9889,214179,91,2951,0,3,20,1367,0,0,0,0,0,0,0,0,0,0
57900,9903,215176,80,2993,0,1,17,1366,0,5,0,1,0,0,0,0,0,0
58000,9894,215356,87,2752,0,0,19,1152,0,4,0,1,0,0,0,0,0,0
58100,9895,213878,84,2922,0,4,21,998,0,0,0,0,0,0,0,0,0,0
58200,9903,214076,79,2744,0,2,18,1155,0,1,0,0,0,0,0,0,0,0
58300,9886,214719,99,3070,0,0,15,1113,0,0,0,0,0,0,0,0,0,0
58400,9892,215086,93,3093,1,2,14,968,0,0,0,0,0,0,0,0,0,0
58500,9897,215223,87,2976,0,4,16,897,0,0,0,0,0,0,0,0,0,0
58600,9906,213524,85,2677,0,0,9,1025,0,4,0,0,0,0,0,0,0,0
58700,9916,214649,68,3160,0,0,15,893,0,0,0,0,1,0,0,0,0,0
58800,9918,213850,68,3001,0,5,14,969,0,2,0,0,0,0,0,0,0,0
58900,9918,214393,67,2966,0,0,15,816,0,0,0,1,0,0,0,0,0,0
59000,9911,213775,75,2867,0,1,14,1049,0,0,0,0,0,0,0,0,0,0
59100,9899,214604,96,2559,0,1,5,976,0,9,0,0,0,0,0,0,0,0
59200,9914,215485,78,2878,0,1,8,954,0,5,0,0,0,0,0,0,0,0
59300,9911,214164,80,2866,0,1,8,933,1,0,0,0,0,0,0,0,0,0
59400,9908,214004,85,3022,0,0,7,852,0,0,0,0,0,0,0,0,0,0
59500,9897,213733,95,2862,0,1,8,1010,0,1,0,0,0,0,0,0,0,0
59600,9915,214085,76,3050,0,0,8,846,1,2,0,0,0,0,0,0,0,0
59700,9929,214061,66,3255,0,0,5,843,0,1,0,0,0,0,0,0,0,0
59800,9902,216495,92,3066,0,0,5,695,1,0,0,0,0,0,0,0,0,0
59900,9911,215440,82,3070,0,1,6,816,0,1,0,0,1,0,0,0,0,0
60000,9885,215263,107,2869,0,1,8,805,0,3,0,0,0,0,0,0,0,0
60100,9906,214928,86,2698,0,0,7,812,1,0,0,0,0,0,0,0,0,0
60200,9915,215548,76,2841,0,0,7,911,2,1,0,0,0,0,0,0,0,0
60300,9912,215721,75,2815,0,0,13,637,0,0,0,0,0,0,0,0,0,0
60400,9918,214933,77,2558,0,1,5,781,0,1,0,0,0,0,0,0,0,0
60500,9911,217402,82,2586,0,0,7,713,0,0,0,0,0,0,0,0,0,0
60600,9913,216692,81,2840,0,1,6,617,0,1,0,0,0,0,0,0,0,0
60700,9939,215427,57,2738,0,1,4,595,0,0,0,0,0,0,0,0,0,0
60800,9917,216118,77,2559,0,0,6,541,0,2,0,0,0,0,0,0,0,0
60900,9927,216818,70,2494,0,2,3,466,0,1,0,0,0,0,0,0,0,0
61000,9938,218127,55,2426,0,1,6,342,1,1,0,0,0,0,0,0,0,0
61100,9939,216873,56,2602,0,6,5,296,0,0,0,0,0,0,0,0,0,0
61200,9931,216744,63,2624,0,0,6,317,0,0,0,0,0,0,0,0,0,1
61300,9934,215892,61,2689,0,2,5,351,0,0,0,0,0,0,0,0,0,0
61400,9937,217547,56,3015,1,0,5,457,1,0,0,0,0,0,0,0,0,0
61500,9937,216486,62,2789,0,0,1,279,0,3,0,0,0,0,0,0,0,0
61600,9934,216892,65,2518,0,0,0,237,0,3,0,0,1,0,0,0,0,0
61700,9938,217022,61,2653,0,1,1,229,0,0,0,0,0,0,0,0,0,0
61800,9949,215894,50,2253,0,0,1,353,0,1,0,0,0,0,0,0,0,0
61900,9939,216611,61,2466,0,0,0,375,0,2,0,0,0,0,0,0,0,0
62000,9930,216457,69,2295,0,0,0,260,1,1,0,0,0,0,0,0,0,0
62100,9932,216133,68,2122,0,3,0,195,0,1,0,0,0,0,0,0,0,0
62200,9948,217695,51,2004,0,1,0,202,1,0,0,0,0,0,0,0,0,0
62300,9954,216611,43,2365,3,2,0,187,0,3,0,0,0,0,0,0,0,0
62400,9939,216417,58,2452,2,2,0,132,0,0,0,0,1,0,0,0,0,0
62500,9934,215464,60,2330,5,0,1,130,0,0,0,0,0,0,0,0,0,0
62600,9938,215841,56,2107,4,0,0,86,1,1,0,0,1,0,0,0,0,0
62700,9948,216380,49,2226,3,0,0,119,0,2,0,0,0,0,0,0,0,0
62800,9931,217704,65,2356,4,0,0,144,0,1,0,0,0,0,0,0,0,0
62900,9928,217973,55,2270,17,0,0,159,0,1,0,0,0,0,0,0,0,0
63000,9929,217352,48,2454,22,0,0,114,1,1,0,0,0,0,0,0,0,0
63100,9933,217287,45,2414,21,0,0,96,1,4,0,0,0,0,0,0,0,0
63200,9931,216718,47,2537,21,1,0,154,1,1,0,0,0,0,0,0,0,0
63300,9912,216960,56,2526,31,0,1,150,0,0,0,2,0,0,0,0,0,0
63400,9917,216654,48,2629,33,0,2,121,0,2,0,0,0,0,0,0,0,0
63500,9918,217042,49,2465,31,0,2,150,0,2,0,0,0,0,0,0,0,0
63600,9912,216537,50,2424,35,0,2,165,1,2,0,0,0,0,0,0,0,0
63700,9902,217836,53,2261,45,0,0,123,0,2,0,0,0,0,0,0,0,0
63800,9885,217536,60,2620,49,0,5,128,0,2,1,0,0,0,0,0,0,0
63900,9901,216659,41,2596,52,0,6,129,0,2,0,0,0,0,0,0,0,0
64000,9904,214860,39,2702,52,0,5,123,0,1,0,0,0,0,0,0,0,0
64100,9903,215299,34,2662,61,0,2,178,0,0,0,0,0,0,0,0,0,0
64200,9904,215929,39,2473,55,0,2,121,0,0,0,0,0,0,0,0,0,0
64300,9908,217351,32,2379,60,0,0,121,0,1,0,0,0,0,0,0,0,0
64400,9890,217666,36,2285,71,0,3,123,0,1,0,0,0,0,0,0,0,0
64500,9897,217260,28,2509,71,0,4,121,0,1,0,0,0,0,0,0,0,0
64600,9896,217419,26,2480,77,1,1,132,0,1,0,0,0,0,0,0,0,0
64700,9890,216427,23,2556,80,0,7,125,0,0,0,0,0,0,0,0,0,0
64800,9880,217150,30,2588,88,0,2,89,0,1,0,0,0,0,0,0,0,0
64900,9859,216478,30,2305,110,0,1,93,0,0,0,0,0,0,0,0,0,0
65000,9872,215522,31,2495,94,1,2,95,1,1,0,0,0,0,0,0,0,0
65100,9899,216266,28,2533,71,0,2,81,0,2,0,0,0,0,0,0,0,0
65200,9895,214850,29,2368,76,0,0,53,0,0,0,1,0,0,0,0,0,0
65300,9905,215623,19,2380,76,0,0,45,0,2,0,0,0,0,0,0,0,0
65400,9908,216274,18,2152,74,0,0,41,0,1,0,0,0,0,0,0,0,0
65500,9913,215526,15,2294,72,0,0,23,0,1,0,0,0,0,0,0,0,0
65600,9922,215711,12,2245,64,1,2,0,0,0,0,0,0,0,0,0,0,0
65700,9921,214672,13,2233,64,0,2,1,0,1,0,0,0,0,0,0,0,0
65800,9921,214508,11,2133,65,0,3,3,0,0,0,0,0,0,0,0,0,0
65900,9925,215971,10,2125,63,0,0,4,0,0,2,0,0,0,0,0,0,0
66000,9924,215626,10,2169,63,1,0,6,3,1,0,1,0,0,0,0,0,0
66100,9911,215631,12,2222,76,0,1,1,0,4,0,0,0,0,0,0,0,0
66200,9935,215424,8,2157,55,0,2,0,0,1,0,0,0,0,0,0,0,0
66300,9930,214719,10,2103,55,0,4,1,0,1,0,0,1,0,0,0,0,0
66400,9923,215449,7,1987,63,0,7,3,0,0,0,0,0,0,0,0,0,0
66500,9915,214896,8,1883,76,0,1,0,0,1,0,0,0,0,0,0,0,0
66600,9895,214125,15,2072,85,1,3,13,2,0,0,0,0,0,0,0,0,0
66700,9903,214394,10,2133,85,0,2,5,0,3,0,0,0,0,0,0,0,0
66800,9888,215434,10,2115,97,1,5,3,0,0,0,0,0,0,0,0,0,0
66900,9883,214161,7,1988,106,3,4,2,0,0,0,0,0,0,0,0,0,0
67000,9887,214537,7,1885,105,2,1,5,0,0,0,1,0,0,0,0,0,0
67100,9890,215706,4,1973,105,0,1,2,0,0,0,0,0,0,0,0,0,0
67200,9883,214962,7,2176,105,0,5,2,0,1,0,0,0,0,0,0,0,0
67300,9884,214786,7,1769,105,2,4,0,0,1,0,0,0,0,0,0,0,0
67400,9885,214895,8,1887,105,0,2,1,0,1,0,0,0,0,0,0,0,0
67500,9869,215002,8,1828,118,0,5,5,0,1,0,0,0,0,0,0,0,0
67600,9858,215319,10,1975,130,1,2,12,0,2,0,1,0,0,0,0,0,0
67700,9864,215903,5,2217,128,0,3,17,0,1,0,0,0,0,0,0,0,0
67800,9851,216351,12,2297,133,1,4,10,0,0,0,0,0,0,0,0,0,0
67900,9846,215550,8,2105,146,0,0,3,0,2,0,0,0,0,0,0,0,0
68000,9829,214266,11,1950,157,1,3,2,0,0,0,0,0,0,0,0,0,0
68100,9833,215528,12,1907,153,0,2,8,0,0,0,0,0,0,0,0,0,0
68200,9866,215513,8,1909,123,0,2,4,1,1,0,0,0,0,0,0,0,0
68300,9890,215240,9,1965,100,2,1,0,0,1,0,0,0,0,0,0,0,0
68400,9898,215750,9,1980,91,1,2,4,0,0,0,0,0,0,0,0,0,0
68500,9892,214450,8,1781,98,0,2,1,0,0,0,0,0,0,0,0,0,0
68600,9874,214084,12,1905,112,0,2,2,0,3,0,0,0,0,0,0,0,0
68700,9877,216215,6,1787,115,0,2,3,0,1,0,0,0,0,0,0,0,0
68800,9875,215684,7,1813,114,0,1,0,3,0,0,0,0,0,0,0,0,0
68900,9882,214421,4,2057,114,0,0,1,0,0,0,0,0,0,0,0,0,0
69000,9863,215571,6,1739,131,1,0,0,0,4,0,0,0,0,0,0,0,0
69100,9871,214772,10,1982,116,0,0,3,3,2,0,0,0,0,0,0,0,0
69200,9845,214447,8,1849,147,0,0,4,0,1,0,0,0,0,0,0,0,0
69300,9817,214401,12,1843,171,1,0,1,0,2,0,0,0,0,0,0,0,0
69400,9795,215200,10,2200,194,0,1,16,0,0,0,0,0,0,0,0,0,0
69500,9797,215299,13,2833,190,1,0,17,0,1,0,0,0,0,0,0,0,0
69600,9788,213622,14,1922,197,0,1,1,0,0,0,0,0,0,0,0,0,0
69700,9783,213649,11,1890,206,1,0,4,0,2,0,0,0,0,0,0,0,0
69800,9781,214919,13,1720,203,1,3,6,0,1,0,0,0,0,0,0,0,0
69900,9770,216004,8,1545,221,0,1,3,0,0,0,0,0,0,0,0,0,0
70000,9777,215242,13,1749,210,0,0,1,0,1,0,0,0,0,0,0,0,0
70100,9768,214124,15,1734,217,0,0,4,0,7,0,0,0,0,0,0,0,0
70200,9764,214159,19,1782,217,1,0,3,0,1,0,0,0,0,0,0,0,0
70300,9755,213882,19,1653,226,0,0,3,0,3,0,0,0,0,0,0,0,0
70400,9733,215100,27,1790,240,0,0,3,0,1,0,0,0,0,0,0,0,0
70500,9758,213902,20,1756,222,0,0,1,0,1,0,0,0,0,0,0,0,0
70600,9759,214395,23,1668,217,1,1,2,0,1,0,0,0,0,0,0,0,0
70700,9743,213985,20,1623,237,4,0,1,0,1,0,0,0,0,0,0,0,0
70800,9774,214200,22,1458,203,0,0,9,1,1,0,0,0,1,0,0,0,0
70900,9755,214155,20,1645,225,1,0,39,0,1,0,2,0,0,0,0,0,0
71000,9758,213062,22,1612,218,0,1,21,1,0,0,0,0,0,0,0,0,0
71100,9761,214580,22,1475,216,1,0,1,0,2,0,0,1,0,0,0,0,0
71200,9759,213807,24,1509,217,0,0,3,0,0,0,0,0,0,0,0,0,0
71300,9777,214308,29,1497,194,0,0,2,0,1,0,0,0,0,0,0,0,0
71400,9767,213292,24,1567,208,0,0,4,1,0,0,0,0,0,0,0,0,0
71500,9764,211680,24,1531,212,0,0,3,0,1,0,0,0,0,0,0,0,0
71600,9765,214698,22,1449,213,0,0,0,0,2,0,0,0,0,0,0,0,0
71700,9793,214850,21,1350,186,0,0,2,0,1,0,0,0,0,0,0,0,0
71800,9812,214506,19,1440,169,0,0,9,0,1,0,0,0,0,0,0,0,0
71900,9803,214218,22,1508,171,1,4,2,0,2,0,0,0,0,0,0,0,0
72000,9833,214283,19,1631,147,0,1,3,0,1,0,0,0,0,0,0,0,0
72100,9819,213153,23,1551,158,0,0,1,0,0,0,0,0,0,0,0,0,0
72200,9809,213848,30,1740,161,1,0,0,0,1,0,0,0,0,0,0,0,0
72300,9827,214024,25,1596,148,1,0,2,0,0,0,1,0,0,0,0,0,0
72400,9819,213936,26,1704,155,0,0,3,0,1,0,0,0,0,0,0,0,0
72500,9831,212657,21,1580,147,1,1,0,0,2,0,0,0,0,0,0,0,0
72600,9877,213613,16,1324,107,0,0,9,0,1,0,0,0,0,0,0,0,0
72700,9888,213019,25,1302,87,4,0,4,0,0,0,1,0,0,0,0,0,0
72800,9877,213774,19,1522,104,7,0,6,0,1,0,1,0,0,0,0,0,0
72900,9882,212791,20,1440,97,1,1,0,0,2,0,0,0,0,0,0,0,0
73000,9888,210647,20,1329,92,0,0,1,0,2,0,1,0,0,0,0,0,0
73100,9894,212791,21,1357,85,0,0,4,0,0,0,0,0,0,0,0,0,0
73200,9865,212154,23,1311,112,1,0,1,0,2,0,0,0,0,0,0,0,0
73300,9877,212051,18,1343,103,0,1,1,1,0,0,1,0,0,0,0,0,0
73400,9862,213153,24,1245,113,0,0,2,0,1,1,0,0,0,0,0,0,0
73500,9837,214009,23,1325,140,0,0,2,0,1,0,1,0,0,0,0,0,0
73600,9835,213642,14,1336,147,1,3,3,0,1,0,0,1,0,0,0,0,0
73700,9800,214479,19,1297,181,0,0,2,0,1,0,0,0,0,0,0,0,0
73800,9813,214601,17,1312,170,0,0,4,0,0,0,0,0,0,0,0,0,0
73900,9832,214423,20,1303,148,1,0,11,0,2,0,0,0,1,0,0,0,0
74000,9819,214933,17,1300,164,1,0,2,0,0,0,0,0,0,0,0,0,0
74100,9815,214898,13,1418,171,0,1,5,0,0,0,1,0,0,0,0,0,0
74200,9814,214346,18,1368,167,0,0,2,1,0,0,1,0,0,0,0,0,0
74300,9835,214027,16,1439,149,1,0,3,0,0,0,0,0,0,0,0,0,0
74400,9799,214434,17,1523,184,0,0,1,0,2,0,0,0,0,0,0,0,0
74500,9783,214428,16,1502,201,0,0,0,0,1,0,0,0,0,0,0,0,0
74600,9787,213370,14,1632,199,0,0,4,0,3,0,0,0,0,0,0,0,0
74700,9761,214206,19,1587,220,0,0,0,0,0,0,0,0,0,0,0,0,0
74800,9765,212955,15,1677,220,1,0,2,0,0,0,0,0,0,0,0,0,0
74900,9792,214639,14,1908,194,9,0,4,0,1,0,2,0,0,0,0,0,0
75000,9811,213706,10,1622,179,2,0,0,0,1,0,1,0,0,0,0,0,0
75100,9810,213848,13,1545,176,1,1,1,0,2,0,0,0,0,0,0,0,0
75200,9817,213917,10,1457,173,0,0,6,0,0,0,0,0,0,0,0,0,0
75300,9808,213589,8,1654,184,1,0,8,0,1,0,0,0,0,0,0,0,0
75400,9796,212932,9,1679,195,0,0,6,0,1,0,0,0,0,0,0,0,0
75500,9797,214214,6,1733,197,0,0,3,0,6,0,0,0,0,0,0,0,0
75600,9785,214046,6,1796,208,1,0,2,0,2,1,0,0,0,0,0,0,0
75700,9792,214629,12,1574,196,0,0,4,0,1,0,0,0,0,0,0,0,0
75800,9817,214037,9,1768,173,1,1,2,0,1,0,1,0,0,0,0,0,0
75900,9836,215041,8,1579,153,2,3,8,0,2,0,1,0,0,0,0,0,0
76000,9815,214001,8,1604,177,5,0,2,0,2,0,0,0,0,0,0,0,0
76100,9804,214347,7,1744,189,4,0,3,0,1,0,0,0,0,0,0,0,0
76200,9805,214204,8,1786,187,0,0,5,0,2,0,0,0,0,0,0,0,0
76300,9801,214438,5,1688,194,0,0,2,0,0,0,0,0,0,0,0,0,0
76400,9800,212735,5,1579,195,0,0,4,0,2,0,0,0,1,0,0,0,0
76500,9798,213607,5,1603,197,0,0,1,0,0,0,0,0,0,0,0,0,0
76600,9801,214325,7,1464,191,0,1,4,0,0,0,0,0,0,0,0,0,0
76700,9798,213336,4,1423,196,0,2,4,0,3,0,0,0,0,0,0,0,0
76800,9802,213092,0,1599,198,1,0,2,0,2,0,0,0,0,0,0,0,0
76900,9814,212567,2,1398,184,9,0,8,0,2,0,0,0,0,0,0,0,0
77000,9825,213045,3,1493,172,1,0,4,0,2,0,0,0,0,0,0,0,0
77100,9825,212137,1,1609,173,9,0,4,1,0,0,0,0,0,0,0,0,0
77200,9826,212625,1,1612,172,0,1,5,0,5,0,0,0,0,0,0,0,0
77300,9858,213410,1,1567,139,1,2,4,0,3,0,0,0,0,0,0,0,0
77400,9866,212720,1,1554,132,1,1,3,0,0,0,0,0,0,0,0,0,0
77500,9846,212823,0,1566,154,4,0,1,0,0,0,0,0,0,0,0,0,0
77600,9848,212238,1,2039,150,0,1,12,0,1,0,0,0,0,0,0,0,0
77700,9840,213255,2,1496,155,15,2,0,0,1,1,1,0,0,0,0,0,0
77800,9890,213318,2,1527,108,1136,0,13,0,0,0,0,0,0,0,0,0,0
77900,9962,213653,7,1625,31,2999,0,6,0,2,0,0,0,0,0,0,0,0
78000,9961,213731,4,1520,33,3402,2,31,0,1,0,0,0,0,0,0,0,0
78100,9961,212995,5,1838,31,3087,3,85,0,5,0,0,0,0,0,0,0,0
78200,9964,213983,4,1751,29,3193,3,56,0,3,0,0,0,0,0,0,0,0
78300,9970,213856,3,1503,27,2954,0,83,0,4,0,1,0,0,0,0,0,0
78400,9971,214635,5,1553,24,3185,0,165,0,0,0,0,0,0,0,0,0,0
78500,9968,212714,4,1583,26,3291,2,91,0,3,0,0,0,0,0,0,0,0
78600,9970,214046,2,1713,28,2842,0,107,0,2,0,0,0,0,0,0,0,0
78700,9957,215570,11,1646,29,2882,2,29,1,1,0,1,0,0,0,0,0,0
78800,9975,214753,6,1551,19,2898,0,3,0,2,0,0,0,0,0,0,0,0
78900,9971,214175,4,1699,21,2743,4,17,0,0,0,0,0,0,0,0,0,0
79000,9974,215029,3,1662,21,2462,2,13,0,1,0,0,0,0,0,0,0,0
79100,9968,215348,6,1607,22,2264,4,67,0,0,0,0,0,0,0,0,0,0
79200,9970,214539,4,1527,23,2360,3,48,0,0,0,0,0,0,0,0,0,0
79300,9970,214446,5,1546,23,2345,2,79,0,0,0,0,0,0,0,0,0,0
79400,9974,215686,6,1485,19,2307,1,25,0,1,0,0,0,0,0,0,0,0
79500,9968,215716,2,1792,27,2180,3,11,0,1,0,0,0,0,0,0,0,0
79600,9961,215609,6,1673,30,2221,2,9,1,2,0,0,0,0,0,0,0,0
79700,9972,213951,6,1932,20,1909,2,66,0,0,0,0,0,0,0,0,0,0
79800,9973,215287,6,1797,19,1783,2,79,0,0,0,0,0,0,0,0,0,0
79900,9973,215842,5,1469,21,1499,1,5,0,1,0,0,0,0,0,0,0,0
80000,9971,215675,9,1778,17,1673,3,7,0,1,0,0,0,0,0,0,0,0
80100,9973,215071,8,1829,18,1545,1,13,0,0,0,0,0,0,0,0,0,0
80200,9980,215237,11,1680,8,1570,1,8,0,2,0,0,0,0,0,0,0,0
80300,9988,215114,7,1740,4,1539,1,11,0,3,0,0,0,0,0,0,0,0
80400,9987,215776,9,1664,3,1605,1,6,0,2,0,0,0,0,0,0,0,0
80500,9991,215901,4,1739,4,1373,1,8,0,2,0,0,0,0,0,0,0,0
80600,9988,214979,5,1645,6,1112,1,8,0,0,0,0,0,0,0,0,0,0
80700,9988,216268,7,1711,4,1229,1,8,0,0,0,0,0,0,0,0,0,0
