update,count,hosted_syms
0,10000,10000
100,10000,10000
200,10000,10000
300,10000,10000
400,10000,10000
500,10000,10000
600,10000,10000
700,10000,10000
800,10000,10000
900,10000,10000
1000,10000,10000
1100,10000,10000
1200,10000,10000
1300,10000,10000
1400,10000,10000
1500,10000,10000
1600,10000,10000
1700,10000,10000
1800,10000,10000
1900,10000,10000
2000,10000,10000
2100,10000,10000
2200,10000,10000
2300,10000,9999
2400,10000,9986
2500,10000,9950
2600,10000,9908
2700,10000,9949
2800,10000,9983
2900,10000,9999
3000,10000,10000
3100,10000,10000
3200,10000,10000
3300,10000,10000
3400,10000,10000
3500,10000,10000
3600,10000,10000
3700,10000,10000
3800,10000,10000
3900,10000,10000
4000,10000,10000
4100,10000,10000
4200,10000,10000
4300,10000,10000
4400,10000,10000
4500,10000,10000
4600,10000,10000
4700,10000,10000
4800,10000,10000
4900,10000,9996
5000,10000,9984
5100,10000,9953
5200,10000,9950
5300,10000,9960
5400,10000,9976
5500,10000,9993
5600,10000,10000
5700,10000,10000
5800,10000,10000
5900,10000,10000
6000,10000,10000
6100,10000,10000
6200,10000,10000
6300,10000,10000
6400,10000,10000
6500,10000,10000
6600,10000,10000
6700,10000,10000
6800,10000,10000
6900,10000,10000
7000,10000,10000
7100,10000,10000
7200,10000,10000
7300,10000,9999
7400,10000,9998
7500,10000,9994
7600,10000,9984
7700,10000,9965
7800,10000,9961
7900,10000,9955
8000,10000,9969
8100,10000,9988
8200,10000,9996
8300,10000,9999
8400,10000,10000
8500,10000,10000
8600,10000,10000
8700,10000,10000
8800,10000,10000
8900,10000,10000
9000,10000,10000
9100,10000,10000
9200,10000,10000
9300,10000,10000
9400,10000,10000
9500,10000,10000
9600,10000,10000
9700,10000,10000
9800,10000,9999
9900,10000,10000
10000,10000,9997
10100,10000,9991
10200,10000,9982
10300,10000,9972
10400,10000,9963
10500,10000,9962
10600,10000,9973
10700,10000,9983
10800,10000,9992
10900,10000,9993
11000,10000,9997
11100,10000,10000
11200,10000,10000
11300,10000,10000
11400,10000,10000
11500,10000,10000
11600,10000,10000
11700,10000,10000
11800,10000,10000
11900,10000,10000
12000,10000,10000
12100,10000,10000
12200,10000,10000
12300,10000,9999
12400,10000,10000
12500,10000,9998
12600,10000,9993
12700,10000,9990
12800,10000,9985
12900,10000,9974
13000,10000,9964
13100,10000,9963
13200,10000,9977
13300,10000,9980
13400,10000,9981
13500,10000,9992
13600,10000,9997
13700,10000,9999
13800,10000,10000
13900,10000,10000
14000,10000,10000
14100,10000,10000
14200,10000,10000
14300,10000,10000
14400,10000,10000
14500,10000,10000
14600,10000,10000
14700,10000,10000
14800,10000,9999
14900,10000,10000
15000,10000,10000
15100,10000,9997
15200,10000,9993
15300,10000,9989
15400,10000,9979
15500,10000,9971
15600,10000,9965
15700,10000,9975
15800,10000,9963
15900,10000,9978
16000,10000,9990
16100,10000,9992
16200,10000,9994
16300,10000,9997
16400,10000,10000
16500,10000,10000
16600,10000,10000
16700,10000,10000
16800,10000,10000
16900,10000,10000
17000,10000,10000
17100,10000,10000
17200,10000,10000
17300,10000,10000
17400,10000,9999
17500,10000,10000
17600,10000,10000
17700,10000,9999
17800,10000,9994
17900,10000,9992
18000,10000,9975
18100,10000,9975
18200,10000,9976
18300,10000,9979
18400,10000,9971
18500,10000,9977
18600,10000,9986
18700,10000,9988
18800,10000,9997
18900,10000,9997
19000,10000,10000
19100,10000,10000
19200,10000,10000
19300,10000,10000
19400,10000,10000
19500,10000,10000
19600,10000,10000
19700,10000,10000
19800,10000,10000
19900,10000,10000
20000,10000,9998
20100,10000,9998
20200,10000,9998
20300,10000,9998
20400,10000,9996
20500,10000,9995
20600,10000,9988
20700,10000,9981
20800,10000,9971
20900,10000,9978
21000,10000,9976
21100,10000,9979
21200,10000,9977
21300,10000,9996
21400,10000,9992
21500,10000,9999
21600,10000,9999
21700,10000,10000
21800,10000,10000
21900,10000,10000
22000,10000,10000
22100,10000,10000
22200,10000,10000
22300,10000,10000
22400,10000,10000
22500,10000,10000
22600,10000,10000
22700,10000,10000
22800,10000,9999
22900,10000,9996
23000,10000,9996
23100,10000,9987
23200,10000,9986
23300,10000,9975
23400,10000,9970
23500,10000,9979
23600,10000,9971
23700,10000,9978
23800,10000,9989
23900,10000,9984
24000,10000,9994
24100,10000,9998
24200,10000,9996
24300,10000,9999
24400,10000,10000
24500,10000,10000
24600,10000,10000
24700,10000,10000
24800,10000,10000
24900,10000,10000
25000,10000,9999
25100,10000,10000
25200,10000,9999
25300,10000,9999
25400,10000,9999
25500,10000,9998
25600,10000,9989
25700,10000,9991
25800,10000,9991
25900,10000,9987
26000,10000,9973
26100,10000,9976
26200,10000,9986
26300,10000,9976
26400,10000,9986
26500,10000,9992
26600,10000,9989
26700,10000,9996
26800,10000,9996
26900,10000,9999
27000,10000,9999
27100,10000,10000
27200,10000,10000
27300,10000,10000
27400,10000,10000
27500,10000,10000
27600,10000,10000
27700,10000,10000
27800,10000,9999
27900,10000,10000
28000,10000,9997
28100,10000,9990
28200,10000,9996
28300,10000,9994
28400,10000,9990
28500,10000,9985
28600,10000,9982
28700,10000,9982
28800,10000,9974
28900,10000,9973
29000,10000,9976
29100,10000,9986
29200,10000,9986
29300,10000,9995
29400,10000,9995
29500,10000,9998
29600,10000,9999
29700,10000,10000
29800,10000,10000
29900,10000,10000
30000,10000,10000
30100,10000,10000
30200,10000,10000
30300,10000,10000
30400,10000,10000
30500,10000,10000
30600,10000,9998
30700,10000,9997
30800,10000,9991
30900,10000,9986
31000,10000,9990
31100,10000,9987
31200,10000,9980
31300,10000,9983
31400,10000,9970
31500,10000,9976
31600,10000,9981
31700,10000,9986
31800,10000,9986
31900,10000,9996
32000,10000,9991
32100,10000,9998
32200,10000,9998
32300,10000,9999
32400,10000,10000
32500,10000,9999
32600,10000,10000
32700,10000,9998
32800,10000,10000
32900,10000,9999
33000,10000,10000
33100,10000,9999
33200,10000,9996
33300,10000,9999
33400,10000,9996
33500,10000,9994
33600,10000,9981
33700,10000,9983
33800,10000,9981
33900,10000,9984
34000,10000,9983
34100,10000,9978
34200,10000,9981
34300,10000,9989
34400,10000,9990
34500,10000,9989
34600,10000,9994
34700,10000,9997
34800,10000,9996
34900,10000,10000
35000,10000,9999
35100,10000,10000
35200,10000,10000
35300,10000,9999
35400,10000,10000
35500,10000,10000
35600,10000,9999
35700,10000,9998
35800,10000,9995
35900,10000,9995
36000,10000,9987
36100,10000,9988
36200,10000,9990
36300,10000,9982
36400,10000,9982
36500,10000,9981
36600,10000,9982
36700,10000,9979
36800,10000,9974
36900,10000,9977
37000,10000,9985
37100,10000,9990
37200,10000,9993
37300,10000,9990
37400,10000,9993
37500,10000,9993
37600,10000,9991
37700,10000,9994
37800,10000,9994
37900,10000,9991
38000,10000,9990
38100,10000,9991
38200,10000,9990
38300,10000,9991
38400,10000,9988
38500,10000,9983
38600,10000,9978
38700,10000,9973
38800,10000,9972
38900,10000,9971
39000,10000,9964
39100,10000,9973
39200,10000,9973
39300,10000,9964
39400,10000,9962
39500,10000,9962
39600,10000,9975
39700,10000,9977
39800,10000,9978
39900,10000,9976
40000,10000,9970
40100,10000,9973
40200,10000,9973
40300,10000,9972
40400,10000,9972
40500,10000,9973
40600,10000,9955
40700,10000,9956
40800,10000,9957
40900,10000,9956
41000,10000,9952
41100,10000,9924
41200,10000,9924
41300,10000,9927
41400,10000,9915
41500,10000,9917
41600,10000,9877
41700,10000,9878
41800,10000,9884
41900,10000,9890
42000,10000,9908
42100,10000,9955
42200,10000,9986
42300,10000,9991
42400,10000,9995
42500,10000,9991
42600,10000,9998
42700,10000,9998
42800,10000,9996
42900,10000,9999
43000,10000,10000
43100,10000,9998
43200,10000,10000
43300,10000,9998
43400,10000,9999
43500,10000,9992
43600,10000,9999
43700,10000,9994
43800,10000,9992
43900,10000,9987
44000,10000,9989
44100,10000,9995
44200,10000,9983
44300,10000,9983
44400,10000,9986
44500,10000,9978
44600,10000,9983
44700,10000,9980
44800,10000,9987
44900,10000,9993
45000,10000,9987
45100,10000,9996
45200,10000,9994
45300,10000,9996
45400,10000,9997
45500,10000,9999
45600,10000,9999
45700,10000,10000
45800,10000,10000
45900,10000,10000
46000,10000,9998
46100,10000,9998
46200,10000,9996
46300,10000,9996
46400,10000,9995
46500,10000,9986
46600,10000,9988
46700,10000,9990
46800,10000,9979
46900,10000,9986
47000,10000,9984
47100,10000,9982
47200,10000,9980
47300,10000,9982
47400,10000,9988
47500,10000,9991
47600,10000,9994
47700,10000,9991
47800,10000,9994
47900,10000,9991
48000,10000,9996
48100,10000,9994
48200,10000,9998
48300,10000,9997
48400,10000,9993
48500,10000,9996
48600,10000,9994
48700,10000,9994
48800,10000,9994
48900,10000,9991
49000,10000,9991
49100,10000,9988
49200,10000,9977
49300,10000,9983
49400,10000,9979
49500,10000,9973
49600,10000,9979
49700,10000,9966
49800,10000,9969
49900,10000,9971
50000,10000,9975
50100,10000,9965
50200,10000,9981
50300,10000,9956
50400,10000,9969
50500,10000,9960
50600,10000,9962
50700,10000,9960
50800,10000,9960
50900,10000,9948
51000,10000,9953
51100,10000,9944
51200,10000,9939
51300,10000,9930
51400,10000,9941
51500,10000,9944
51600,10000,9952
51700,10000,9932
51800,10000,9939
51900,10000,9934
52000,10000,9923
52100,10000,9929
52200,10000,9919
52300,10000,9937
52400,10000,9920
52500,10000,9912
52600,10000,9910
52700,10000,9914
