update,attempts_horiztrans,successes_horiztrans,attempts_verttrans,successes_verttrans
0,0,0,0,0
100,19040,19040,0,0
200,18644,18644,0,0
300,20008,20008,0,0
400,23546,23546,0,0
500,28391,28391,0,0
600,44701,44701,0,0
700,224020,224020,0,0
800,249193,249193,0,0
900,252624,252624,0,0
1000,252466,252466,0,0
1100,254035,254035,0,0
1200,266587,266587,0,0
1300,283790,283790,0,0
1400,285108,285108,0,0
1500,283944,283944,0,0
1600,284694,284694,0,0
1700,284230,284230,0,0
1800,289940,289940,0,0
1900,295810,295810,0,0
2000,295992,295992,0,0
2100,295802,295802,0,0
2200,295328,295328,0,0
2300,296879,296879,0,0
2400,295858,295858,0,0
2500,296394,296394,0,0
2600,294805,294805,0,0
2700,293463,293463,0,0
2800,295426,295424,0,0
2900,297527,297527,0,0
3000,299186,299184,0,0
3100,295413,295412,0,0
3200,295880,295878,0,0
3300,296844,296842,0,0
3400,296973,296972,0,0
3500,296969,296965,0,0
3600,298671,298669,0,0
3700,296464,296464,0,0
3800,297834,297834,0,0
3900,299575,299575,0,0
4000,301420,301420,0,0
4100,303388,303388,0,0
4200,303694,303694,0,0
4300,304807,304807,0,0
4400,304429,304429,0,0
4500,303134,303134,0,0
4600,304587,304587,0,0
4700,302250,302250,0,0
4800,304908,304908,0,0
4900,304075,304075,0,0
5000,301653,301653,0,0
5100,302155,302155,0,0
5200,300479,300479,0,0
5300,302298,302298,0,0
5400,302580,302580,0,0
5500,302788,302788,0,0
5600,302438,302437,0,0
5700,304270,304270,0,0
5800,303977,303977,0,0
5900,303343,303343,0,0
6000,302655,302655,0,0
6100,303003,303003,0,0
6200,304973,304973,0,0
6300,302608,302608,0,0
6400,302701,302701,0,0
6500,302141,302141,0,0
6600,303357,303357,0,0
6700,303438,303437,0,0
6800,304809,304799,0,0
6900,303167,303161,0,0
7000,304367,304367,0,0
7100,303091,303091,0,0
7200,302944,302944,0,0
7300,302953,302948,0,0
7400,302606,302605,0,0
7500,302308,302308,0,0
7600,303084,303083,0,0
7700,301334,301334,0,0
7800,301821,301821,0,0
7900,301487,301487,0,0
8000,300782,300780,0,0
8100,302996,302996,0,0
8200,302845,302845,0,0
8300,302512,302512,0,0
8400,304941,304941,0,0
8500,303334,303333,0,0
8600,304288,304287,0,0
8700,303395,303395,0,0
8800,303569,303569,0,0
8900,305184,305184,0,0
9000,302841,302840,0,0
9100,303652,303651,0,0
9200,303476,303476,0,0
9300,304316,304316,0,0
9400,303234,303234,0,0
9500,303723,303723,0,0
9600,302125,302125,0,0
9700,302105,302105,0,0
9800,303258,303258,0,0
9900,304123,304123,0,0
10000,302445,302445,0,0
10100,302388,302388,0,0
10200,303698,303698,0,0
10300,301877,301877,0,0
10400,301793,301793,0,0
10500,303044,303039,0,0
10600,301253,301253,0,0
10700,302895,302895,0,0
10800,303011,303011,0,0
10900,303564,303564,0,0
11000,303595,303595,0,0
11100,304158,304158,0,0
11200,305660,305657,0,0
11300,304294,304294,0,0
11400,303564,303564,0,0
11500,305481,305481,0,0
11600,303069,303069,0,0
11700,303611,303611,0,0
11800,304045,304043,0,0
11900,303621,303621,0,0
12000,303879,303879,0,0
12100,303576,303576,0,0
12200,303171,303171,0,0
12300,302198,302198,0,0
12400,302270,302269,0,0
12500,302158,302158,0,0
12600,301167,301167,0,0
12700,302825,302823,0,0
12800,301430,301429,0,0
12900,299485,299485,0,0
13000,301574,301574,0,0
13100,301645,301631,0,0
13200,301534,301534,0,0
13300,303312,303312,0,0
13400,302705,302703,0,0
13500,303352,303348,0,0
13600,302702,302702,0,0
13700,303816,303815,0,0
13800,303578,303577,0,0
13900,303952,303945,0,0
14000,302908,302907,0,0
14100,301816,301813,0,0
14200,303930,303925,0,0
14300,304335,304335,0,0
14400,303993,303993,0,0
14500,303567,303560,0,0
14600,303749,303741,0,0
14700,305323,305316,0,0
14800,304025,304022,0,0
14900,305537,305519,0,0
15000,303548,303537,0,0
15100,304384,304368,0,0
15200,302890,302848,0,0
15300,302326,302325,0,0
15400,304139,304136,0,0
15500,303248,303244,0,0
15600,302830,302826,0,0
15700,303809,303807,0,0
15800,303183,303182,0,0
15900,303701,303701,0,0
16000,303308,303297,0,0
16100,304982,304970,0,0
16200,304199,304193,0,0
16300,306188,306184,0,0
16400,304354,304354,0,0
16500,304351,304350,0,0
16600,304006,304004,0,0
16700,303022,303016,0,0
16800,304365,304359,0,0
16900,304428,304425,0,0
17000,303418,303415,0,0
17100,305699,305699,0,0
17200,304752,304752,0,0
17300,303743,303735,0,0
17400,304124,304124,0,0
17500,304206,304206,0,0
17600,303167,303164,0,0
17700,303711,303708,0,0
17800,303922,303921,0,0
17900,302737,302732,0,0
18000,302192,302191,0,0
18100,303550,303549,0,0
18200,303471,303464,0,0
18300,304752,304749,0,0
18400,304730,304728,0,0
18500,303343,303342,0,0
18600,304904,304895,0,0
18700,304360,304357,0,0
18800,306089,306086,0,0
18900,304344,304339,0,0
19000,303468,303468,0,0
19100,303608,303600,0,0
19200,303875,303873,0,0
19300,303858,303858,0,0
19400,304668,304655,0,0
19500,303856,303853,0,0
19600,304430,304418,0,0
19700,305345,305344,0,0
19800,305890,305890,0,0
19900,306917,306915,0,0
20000,304297,304297,0,0
20100,304949,304948,0,0
20200,304518,304515,0,0
20300,303957,303954,0,0
20400,303618,303618,0,0
20500,302166,302157,0,0
20600,303570,303568,0,0
20700,304579,304579,0,0
20800,302741,302739,0,0
20900,302328,302325,0,0
21000,302159,302151,0,0
21100,304166,304166,0,0
21200,304247,304245,0,0
21300,303780,303777,0,0
21400,305613,305607,0,0
21500,305345,305345,0,0
21600,305185,305182,0,0
21700,304400,304396,0,0
21800,304826,304825,0,0
21900,304350,304347,0,0
22000,303450,303449,0,0
22100,304326,304321,0,0
22200,304762,304758,0,0
22300,305620,305614,0,0
22400,304178,304173,0,0
22500,305213,305208,0,0
22600,303801,303786,0,0
22700,304892,304886,0,0
22800,303234,303230,0,0
22900,305266,305253,0,0
23000,304164,304136,0,0
23100,303648,303641,0,0
23200,303977,303975,0,0
23300,304148,304146,0,0
23400,304306,304301,0,0
23500,303330,303325,0,0
23600,303122,303122,0,0
23700,304516,304501,0,0
23800,305460,305458,0,0
23900,304030,304025,0,0
24000,304105,304097,0,0
24100,303728,303721,0,0
24200,303218,303189,0,0
24300,303414,303377,0,0
24400,303985,303979,0,0
24500,304100,304097,0,0
24600,303692,303692,0,0
24700,305247,305247,0,0
24800,305126,305126,0,0
24900,304271,304270,0,0
25000,304639,304636,0,0
25100,305236,305231,0,0
25200,304889,304889,0,0
25300,305221,305212,0,0
25400,303856,303856,0,0
25500,304689,304687,0,0
25600,304466,304460,0,0
25700,303247,303243,0,0
25800,303241,303239,0,0
25900,303150,303148,0,0
26000,304172,304171,0,0
26100,305022,305019,0,0
26200,304121,304121,0,0
26300,303115,303109,0,0
26400,304538,304532,0,0
26500,304832,304830,0,0
26600,304087,304081,0,0
26700,304021,304015,0,0
26800,304301,304300,0,0
26900,305897,305897,0,0
27000,305037,305035,0,0
27100,305034,305034,0,0
27200,305641,305620,0,0
27300,303747,303747,0,0
27400,304387,304382,0,0
27500,303748,303748,0,0
27600,302794,302788,0,0
27700,302519,302518,0,0
27800,304655,304652,0,0
27900,302952,302941,0,0
28000,304172,304171,0,0
28100,304858,304850,0,0
28200,304586,304581,0,0
28300,303902,303901,0,0
28400,304046,304041,0,0
28500,303725,303721,0,0
28600,303050,303050,0,0
28700,303180,303165,0,0
28800,303687,303687,0,0
28900,302282,302282,0,0
29000,302832,302828,0,0
29100,303318,303317,0,0
29200,303253,303253,0,0
29300,304279,304279,0,0
29400,304369,304368,0,0
29500,304195,304194,0,0
29600,305139,305133,0,0
29700,303575,303558,0,0
29800,303732,303718,0,0
29900,303586,303582,0,0
30000,303456,303456,0,0
30100,304755,304750,0,0
30200,304513,304509,0,0
30300,303804,303801,0,0
30400,305120,305116,0,0
30500,303531,303529,0,0
30600,303069,303065,0,0
30700,304536,304529,0,0
30800,303833,303833,0,0
30900,302604,302604,0,0
31000,302043,302042,0,0
31100,303436,303434,0,0
31200,302195,302188,0,0
31300,302863,302814,0,0
31400,303784,303776,0,0
31500,303497,303497,0,0
31600,303316,303316,0,0
31700,304332,304327,0,0
31800,304166,304166,0,0
31900,304822,304815,0,0
32000,304430,304422,0,0
32100,303366,303365,0,0
32200,305016,305013,0,0
32300,304217,304208,0,0
32400,303374,303374,0,0
32500,304518,304516,0,0
32600,303912,303908,0,0
32700,303349,303342,0,0
32800,304501,304492,0,0
32900,306484,306482,0,0
33000,304246,304239,0,0
33100,304434,304388,0,0
33200,304459,304437,0,0
33300,304101,304086,0,0
33400,303896,303885,0,0
33500,302364,302347,0,0
33600,304558,304546,0,0
33700,305241,305217,0,0
33800,302926,302924,0,0
33900,303882,303882,0,0
34000,304069,304057,0,0
34100,303317,303313,0,0
34200,304247,304244,0,0
34300,305412,305405,0,0
34400,304201,304200,0,0
34500,304922,304922,0,0
34600,304704,304704,0,0
34700,304018,304016,0,0
34800,303146,303138,0,0
34900,303959,303959,0,0
35000,302489,302484,0,0
35100,302636,302636,0,0
35200,303807,303804,0,0
35300,303565,303562,0,0
35400,303075,303066,0,0
35500,304016,304003,0,0
35600,303626,303620,0,0
35700,303042,303037,0,0
35800,302823,302823,0,0
35900,303277,303277,0,0
36000,304382,304378,0,0
36100,302891,302887,0,0
36200,302942,302940,0,0
36300,302966,302958,0,0
36400,303883,303883,0,0
36500,305423,305423,0,0
36600,303252,303247,0,0
36700,302379,302369,0,0
36800,303150,303149,0,0
36900,303662,303660,0,0
37000,302742,302736,0,0
37100,303405,303405,0,0
37200,304094,304090,0,0
37300,303534,303528,0,0
37400,304489,304489,0,0
37500,304437,304437,0,0
37600,304260,304260,0,0
37700,305048,305048,0,0
37800,304769,304768,0,0
37900,304362,304360,0,0
38000,303550,303547,0,0
38100,302800,302798,0,0
38200,303767,303755,0,0
38300,302691,302691,0,0
38400,303917,303912,0,0
38500,303798,303797,0,0
38600,304152,304152,0,0
38700,303910,303906,0,0
38800,304656,304647,0,0
38900,303794,303771,0,0
39000,303578,303574,0,0
39100,304110,304102,0,0
39200,303418,303417,0,0
39300,302290,302287,0,0
39400,303067,303067,0,0
39500,304500,304497,0,0
39600,302793,302785,0,0
39700,302399,302393,0,0
39800,302351,302349,0,0
39900,303617,303613,0,0
40000,303384,303384,0,0
40100,303284,303279,0,0
40200,303799,303794,0,0
40300,304279,304273,0,0
40400,303110,303110,0,0
40500,304304,304303,0,0
40600,301577,301577,0,0
40700,302256,302256,0,0
40800,302933,302932,0,0
40900,302282,302281,0,0
41000,302237,302234,0,0
41100,301129,301119,0,0
41200,303190,303189,0,0
41300,301978,301974,0,0
41400,300406,300404,0,0
41500,302098,302098,0,0
41600,300914,300914,0,0
41700,300819,300819,0,0
41800,299902,299901,0,0
41900,302108,302098,0,0
42000,301931,301849,0,0
42100,302410,301238,0,0
42200,304682,301342,0,0
42300,305859,302020,0,0
42400,305991,302221,0,0
42500,305435,301520,0,0
42600,305475,302034,0,0
42700,306979,303373,0,0
42800,305413,301972,0,0
42900,304604,301081,0,0
43000,306797,302956,0,0
43100,304958,301150,0,0
43200,303812,300362,0,0
43300,304523,300929,0,0
43400,304567,300580,0,0
43500,306002,302225,0,0
43600,305286,301262,0,0
43700,304423,300655,0,0
43800,302808,299023,0,0
43900,302262,298483,0,0
44000,302637,299363,0,0
44100,303981,300417,0,0
44200,304863,301443,0,0
44300,305154,301808,0,0
44400,303745,300731,0,0
44500,303093,300006,0,0
44600,303202,299954,0,0
44700,303345,300052,0,0
44800,305443,301827,0,0
44900,305703,302019,0,0
45000,304470,300911,0,0
45100,304795,301486,0,0
45200,305304,302314,0,0
45300,304452,301663,0,0
45400,306418,303368,0,0
45500,306053,302829,0,0
45600,307054,303812,0,0
45700,305231,302219,0,0
45800,303995,301237,0,0
45900,303433,300476,0,0
46000,304190,300982,0,0
46100,304936,301799,0,0
46200,304944,301624,0,0
46300,305540,302251,0,0
46400,304926,301554,0,0
46500,304158,300815,0,0
46600,304424,301165,0,0
46700,304264,301111,0,0
46800,304126,301622,0,0
46900,302711,299708,0,0
47000,301907,299239,0,0
47100,304077,301231,0,0
47200,303751,300763,0,0
47300,304167,301059,0,0
47400,304454,301433,0,0
47500,304300,301757,0,0
47600,304109,301663,0,0
47700,304760,302187,0,0
47800,305332,302661,0,0
47900,306145,303346,0,0
48000,304263,301485,0,0
48100,304846,301867,0,0
48200,304650,301676,0,0
48300,304311,301841,0,0
48400,304258,301615,0,0
48500,305530,302655,0,0
48600,305325,302368,0,0
48700,304310,301292,0,0
48800,305208,302514,0,0
48900,305563,302949,0,0
49000,305502,302893,0,0
49100,304365,301763,0,0
49200,305291,302893,0,0
49300,305600,303473,0,0
49400,304551,302589,0,0
49500,302863,300628,0,0
49600,304561,302228,0,0
49700,303800,302017,0,0
49800,304174,302151,0,0
49900,303660,301686,0,0
50000,303132,301333,0,0
50100,302628,300744,0,0
50200,303715,302215,0,0
50300,304129,302374,0,0
50400,303864,302041,0,0
50500,304635,302880,0,0
50600,303164,301680,0,0
50700,302398,301150,0,0
50800,304113,303104,0,0
50900,302520,301676,0,0
51000,302243,301447,0,0
51100,302723,301889,0,0
51200,301536,300945,0,0
51300,302061,301253,0,0
51400,302140,301145,0,0
51500,302529,301138,0,0
51600,303275,302069,0,0
51700,302289,301036,0,0
51800,300362,299407,0,0
51900,302101,301071,0,0
52000,302782,301786,0,0
52100,302291,301377,0,0
52200,303027,302307,0,0
52300,303412,302640,0,0
52400,301230,300644,0,0
52500,301514,301006,0,0
52600,300677,300136,0,0
52700,300778,300294,0,0
