update,attempts_horiztrans,successes_horiztrans,attempts_verttrans,successes_verttrans
0,0,0,0,0
100,19077,19077,0,0
200,18562,18562,0,0
300,20014,20014,0,0
400,23633,23633,0,0
500,28323,28323,0,0
600,36501,36501,0,0
700,83852,83852,0,0
800,127191,127191,0,0
900,216604,216604,0,0
1000,297375,297375,0,0
1100,301646,301646,0,0
1200,299892,299892,0,0
1300,299725,299725,0,0
1400,297310,297310,0,0
1500,297207,297207,0,0
1600,294872,294872,0,0
1700,294819,294819,0,0
1800,293835,293835,0,0
1900,294880,294880,0,0
2000,295431,295431,0,0
2100,293629,293629,0,0
2200,294005,294005,0,0
2300,293849,293849,0,0
2400,294366,294366,0,0
2500,292804,292804,0,0
2600,292237,292237,0,0
2700,292474,292474,0,0
2800,293048,293048,0,0
2900,294123,294122,0,0
3000,292974,292971,0,0
3100,293560,293557,0,0
3200,294278,294277,0,0
3300,294991,294986,0,0
3400,291924,291921,0,0
3500,293259,293257,0,0
3600,293347,293346,0,0
3700,294505,294505,0,0
3800,292935,292935,0,0
3900,295518,295518,0,0
4000,294021,294021,0,0
4100,294543,294543,0,0
4200,295575,295573,0,0
4300,295829,295827,0,0
4400,294834,294830,0,0
4500,294547,294543,0,0
4600,295187,295185,0,0
4700,295522,295522,0,0
4800,293636,293635,0,0
4900,294020,294018,0,0
5000,294245,294241,0,0
5100,292854,292854,0,0
5200,290391,290389,0,0
5300,291509,291500,0,0
5400,291736,291726,0,0
5500,293072,293049,0,0
5600,294069,294050,0,0
5700,294453,294382,0,0
5800,294092,294038,0,0
5900,293899,293861,0,0
6000,292201,292086,0,0
6100,293523,293440,0,0
6200,294591,294566,0,0
6300,293471,293423,0,0
6400,292825,292752,0,0
6500,293710,293657,0,0
6600,294422,294382,0,0
6700,293383,293356,0,0
6800,295208,295117,0,0
6900,295225,295152,0,0
7000,294737,294687,0,0
7100,294021,293999,0,0
7200,294695,294673,0,0
7300,294839,294817,0,0
7400,294572,294535,0,0
7500,295136,295123,0,0
7600,294144,294123,0,0
7700,294638,294608,0,0
7800,291917,291872,0,0
7900,292321,292240,0,0
8000,292457,292382,0,0
8100,293391,293272,0,0
8200,292083,291962,0,0
8300,293650,293577,0,0
8400,293684,293632,0,0
8500,294754,294695,0,0
8600,293977,293923,0,0
8700,295188,295124,0,0
8800,293672,293554,0,0
8900,292833,292758,0,0
9000,294505,294461,0,0
9100,294493,294437,0,0
9200,292923,292887,0,0
9300,294501,294447,0,0
9400,292955,292867,0,0
9500,293949,293862,0,0
9600,293485,293385,0,0
9700,295146,295064,0,0
9800,294734,294626,0,0
9900,293939,293803,0,0
10000,293514,293444,0,0
10100,292495,292432,0,0
10200,293698,293654,0,0
10300,293334,293247,0,0
10400,293017,292935,0,0
10500,292684,292613,0,0
10600,293988,293846,0,0
10700,295892,295816,0,0
10800,293383,293311,0,0
10900,293449,293381,0,0
11000,293524,293418,0,0
11100,293925,293800,0,0
11200,292700,292598,0,0
11300,294267,294143,0,0
11400,293954,293819,0,0
11500,292675,292525,0,0
11600,293922,293805,0,0
11700,293676,293601,0,0
11800,294522,294419,0,0
11900,294762,294653,0,0
12000,294120,294064,0,0
12100,294362,294261,0,0
12200,294073,293927,0,0
12300,294059,293981,0,0
12400,295659,295591,0,0
12500,293813,293697,0,0
12600,296459,296322,0,0
12700,295859,295808,0,0
12800,292259,292170,0,0
12900,293485,293431,0,0
13000,293861,293816,0,0
13100,293798,293749,0,0
13200,292976,292929,0,0
13300,295189,295179,0,0
13400,294816,294802,0,0
13500,294455,294424,0,0
13600,296134,296087,0,0
13700,294884,294843,0,0
13800,294805,294778,0,0
13900,294172,294162,0,0
14000,294147,294078,0,0
14100,294806,294777,0,0
14200,295515,295490,0,0
14300,294190,294159,0,0
14400,294942,294924,0,0
14500,294819,294775,0,0
14600,294312,294247,0,0
14700,294585,294513,0,0
14800,293249,293232,0,0
14900,293737,293716,0,0
15000,294768,294735,0,0
15100,294822,294789,0,0
15200,293281,293249,0,0
15300,293288,293267,0,0
15400,294018,293995,0,0
15500,293341,293311,0,0
15600,294207,294178,0,0
15700,294326,294246,0,0
15800,294777,294679,0,0
15900,293751,293724,0,0
16000,294283,294209,0,0
16100,294191,294143,0,0
16200,294933,294856,0,0
16300,294202,294115,0,0
16400,294424,294367,0,0
16500,296052,295981,0,0
16600,295457,295428,0,0
16700,294525,294484,0,0
16800,294996,294942,0,0
16900,293734,293653,0,0
17000,294457,294373,0,0
17100,293812,293759,0,0
17200,294698,294642,0,0
17300,294605,294560,0,0
17400,292642,292600,0,0
17500,293777,293732,0,0
17600,293613,293608,0,0
17700,292804,292797,0,0
17800,294374,294363,0,0
17900,294664,294648,0,0
18000,295502,295464,0,0
18100,294811,294756,0,0
18200,293855,293800,0,0
18300,293297,293247,0,0
18400,293523,293493,0,0
18500,295083,295026,0,0
18600,294728,294653,0,0
18700,295890,295860,0,0
18800,293091,293010,0,0
18900,294273,294248,0,0
19000,293174,293134,0,0
19100,294450,294391,0,0
19200,293475,293465,0,0
19300,294490,294468,0,0
19400,293267,293242,0,0
19500,294695,294687,0,0
19600,294815,294779,0,0
19700,296153,296098,0,0
19800,295026,294990,0,0
19900,294977,294977,0,0
20000,295338,295322,0,0
20100,295029,295017,0,0
20200,296235,296213,0,0
20300,296170,296151,0,0
20400,295202,295177,0,0
20500,293934,293918,0,0
20600,294189,294156,0,0
20700,294026,293993,0,0
20800,294056,294025,0,0
20900,293988,293969,0,0
21000,294247,294231,0,0
21100,294209,294175,0,0
21200,292904,292847,0,0
21300,293500,293489,0,0
21400,294354,294325,0,0
21500,293502,293475,0,0
21600,293966,293926,0,0
21700,295888,295859,0,0
21800,296176,296133,0,0
21900,294890,294843,0,0
22000,295309,295288,0,0
22100,294858,294831,0,0
22200,295885,295874,0,0
22300,296111,296093,0,0
22400,296109,296085,0,0
22500,295051,295044,0,0
22600,294147,294112,0,0
22700,293939,293851,0,0
22800,294727,294662,0,0
22900,295449,295406,0,0
23000,294881,294843,0,0
23100,293775,293725,0,0
23200,294464,294396,0,0
23300,293337,293267,0,0
23400,294652,294545,0,0
23500,294410,294317,0,0
23600,294731,294570,0,0
23700,295578,295384,0,0
23800,294086,293905,0,0
23900,293981,293674,0,0
24000,294542,294234,0,0
24100,293495,293163,0,0
24200,292083,291762,0,0
24300,293195,292811,0,0
24400,294319,293938,0,0
24500,295193,294731,0,0
24600,294035,293623,0,0
24700,294865,294521,0,0
24800,295919,295642,0,0
24900,295924,295716,0,0
25000,295949,295633,0,0
25100,293867,293558,0,0
25200,294797,294521,0,0
25300,294625,294350,0,0
25400,295256,294981,0,0
25500,294738,294404,0,0
25600,293804,293610,0,0
25700,293975,293780,0,0
25800,296757,296450,0,0
25900,296240,295989,0,0
26000,295105,294901,0,0
26100,294073,293767,0,0
26200,295091,294840,0,0
26300,293703,293419,0,0
26400,295006,294681,0,0
26500,294172,293989,0,0
26600,294789,294576,0,0
26700,296050,295801,0,0
26800,294618,294291,0,0
26900,292881,292618,0,0
27000,295438,294987,0,0
27100,293485,293119,0,0
27200,294573,294210,0,0
27300,294701,294308,0,0
27400,293518,293171,0,0
27500,293909,293553,0,0
27600,292590,292378,0,0
27700,293276,293003,0,0
27800,293740,293467,0,0
27900,294551,294215,0,0
28000,295470,295117,0,0
28100,293399,293141,0,0
28200,293306,293058,0,0
28300,295212,295002,0,0
28400,295214,294970,0,0
28500,293504,293256,0,0
28600,293611,293425,0,0
28700,293578,293320,0,0
28800,294418,294206,0,0
28900,293549,293432,0,0
29000,293663,293563,0,0
29100,294544,294432,0,0
29200,293783,293672,0,0
29300,294263,294102,0,0
29400,293896,293791,0,0
29500,295012,294881,0,0
29600,292420,292280,0,0
29700,294323,294226,0,0
29800,294641,294502,0,0
29900,295444,295275,0,0
30000,294750,294511,0,0
30100,295926,295556,0,0
30200,295759,295306,0,0
30300,294324,293970,0,0
30400,294277,293942,0,0
30500,294230,293855,0,0
30600,295167,294846,0,0
30700,293826,293585,0,0
30800,295022,294748,0,0
30900,293288,292999,0,0
31000,294299,294159,0,0
31100,295087,294768,0,0
31200,294920,294560,0,0
31300,294543,294081,0,0
31400,295106,294626,0,0
31500,293618,293067,0,0
31600,292923,292404,0,0
31700,293036,292550,0,0
31800,295016,294513,0,0
31900,292995,292422,0,0
32000,293724,293252,0,0
32100,295179,294717,0,0
32200,295445,294994,0,0
32300,296111,295545,0,0
32400,295536,294950,0,0
32500,294452,293781,0,0
32600,294483,293846,0,0
32700,294338,293856,0,0
32800,294523,294201,0,0
32900,293119,292864,0,0
33000,294637,294342,0,0
33100,294932,294589,0,0
33200,295579,295166,0,0
33300,293310,293057,0,0
33400,293346,293027,0,0
33500,293649,293173,0,0
33600,293814,293171,0,0
33700,294564,293955,0,0
33800,293602,293006,0,0
33900,294573,294002,0,0
34000,292368,291737,0,0
34100,295190,294353,0,0
34200,293831,293082,0,0
34300,293924,293229,0,0
34400,295307,294458,0,0
34500,296222,295494,0,0
34600,295390,294631,0,0
34700,296102,295426,0,0
34800,295795,295157,0,0
34900,294966,294291,0,0
35000,295919,295259,0,0
35100,294216,293445,0,0
35200,293843,293229,0,0
35300,295610,294878,0,0
35400,295906,294804,0,0
35500,296327,295190,0,0
35600,295346,294376,0,0
35700,294611,293695,0,0
35800,294397,293626,0,0
35900,295166,294375,0,0
36000,295562,294785,0,0
36100,294481,293598,0,0
36200,293975,293165,0,0
36300,294632,293595,0,0
36400,294867,293723,0,0
36500,296274,295020,0,0
36600,294750,293561,0,0
36700,295125,293919,0,0
36800,293968,292779,0,0
36900,294509,293317,0,0
37000,295437,294308,0,0
37100,294273,292887,0,0
37200,293125,291750,0,0
37300,294289,292728,0,0
37400,296809,295463,0,0
37500,295474,294347,0,0
37600,295146,294023,0,0
37700,297137,296006,0,0
37800,297270,295931,0,0
37900,296846,295565,0,0
38000,295633,294499,0,0
38100,296100,294692,0,0
38200,295067,293648,0,0
38300,295081,293615,0,0
38400,295719,294142,0,0
38500,296084,294580,0,0
38600,293802,292598,0,0
38700,294472,293256,0,0
38800,295507,294121,0,0
38900,295613,294008,0,0
39000,295037,293709,0,0
39100,294195,292612,0,0
39200,293692,292265,0,0
39300,295345,293830,0,0
39400,294865,293238,0,0
39500,294694,293070,0,0
39600,294418,292751,0,0
39700,295422,293821,0,0
39800,296016,294330,0,0
39900,294966,293310,0,0
40000,295826,294200,0,0
40100,294439,292761,0,0
40200,295486,293969,0,0
40300,295451,293690,0,0
40400,295050,293559,0,0
40500,295550,294108,0,0
40600,295782,294204,0,0
40700,295844,294196,0,0
40800,297142,295666,0,0
40900,295726,294124,0,0
41000,295877,294037,0,0
41100,294736,292942,0,0
41200,295415,293562,0,0
41300,294117,292130,0,0
41400,293824,292044,0,0
41500,293812,292218,0,0
41600,294118,292359,0,0
41700,295892,294205,0,0
41800,295502,293665,0,0
41900,294290,292584,0,0
42000,296612,294866,0,0
42100,295776,294292,0,0
42200,296430,295065,0,0
42300,297948,296659,0,0
42400,296268,295031,0,0
42500,293910,292460,0,0
42600,294645,293301,0,0
42700,295374,293797,0,0
42800,296064,294829,0,0
42900,296445,295045,0,0
43000,295458,294048,0,0
43100,296169,295045,0,0
43200,296272,294697,0,0
43300,296072,294436,0,0
43400,294819,293269,0,0
43500,295645,294065,0,0
43600,294669,293082,0,0
43700,295299,293770,0,0
43800,294617,292873,0,0
43900,294916,293039,0,0
44000,294027,292584,0,0
44100,295479,294017,0,0
44200,295196,293272,0,0
44300,295236,293358,0,0
44400,294756,292841,0,0
44500,294856,293352,0,0
44600,295056,293640,0,0
44700,293708,292233,0,0
44800,294992,293683,0,0
44900,294951,293390,0,0
45000,294621,293072,0,0
45100,295889,294519,0,0
45200,297372,295831,0,0
45300,296418,295160,0,0
45400,293495,292354,0,0
45500,293941,292485,0,0
45600,294737,293382,0,0
45700,296162,294700,0,0
45800,294278,292798,0,0
45900,294858,293574,0,0
46000,295292,293986,0,0
46100,296078,294474,0,0
46200,295247,293710,0,0
46300,294368,292920,0,0
46400,294177,292674,0,0
46500,294577,293006,0,0
46600,295088,293400,0,0
46700,294658,293059,0,0
46800,296757,295223,0,0
46900,294324,292703,0,0
47000,295432,293800,0,0
47100,294693,293128,0,0
47200,293151,291906,0,0
47300,294328,292919,0,0
47400,294782,293447,0,0
47500,295858,294673,0,0
47600,295285,294112,0,0
47700,294985,293830,0,0
47800,296306,295364,0,0
47900,294216,292850,0,0
48000,294849,293455,0,0
48100,294491,293218,0,0
48200,295453,294261,0,0
48300,294968,293713,0,0
48400,296387,294924,0,0
48500,296385,295194,0,0
48600,296476,295085,0,0
48700,295166,293907,0,0
48800,294293,293056,0,0
48900,293708,292581,0,0
49000,295454,294115,0,0
49100,294152,293058,0,0
49200,295300,294022,0,0
49300,294487,293394,0,0
49400,295421,294398,0,0
49500,295783,294730,0,0
49600,294945,293967,0,0
49700,295725,294644,0,0
49800,294125,293000,0,0
49900,294884,293717,0,0
50000,294387,293306,0,0
50100,294316,293386,0,0
50200,294609,293559,0,0
50300,295064,294045,0,0
50400,294311,293336,0,0
50500,295541,294552,0,0
50600,294524,293716,0,0
50700,293363,292509,0,0
50800,292939,291942,0,0
50900,295082,294274,0,0
51000,293392,292507,0,0
51100,293503,292636,0,0
51200,294010,293251,0,0
51300,295024,294046,0,0
51400,295194,294065,0,0
51500,295274,294371,0,0
51600,294287,293470,0,0
51700,295183,294374,0,0
51800,295005,294189,0,0
51900,294062,293327,0,0
52000,294574,293891,0,0
52100,294778,294099,0,0
52200,295178,294393,0,0
52300,296357,295707,0,0
52400,296798,296098,0,0
52500,296654,296009,0,0
52600,294367,293589,0,0
52700,295073,294396,0,0
52800,295982,295334,0,0
52900,294650,294030,0,0
53000,294253,293495,0,0
53100,294947,294026,0,0
53200,295364,294413,0,0
53300,293454,292616,0,0
53400,294444,293489,0,0
53500,293471,292372,0,0
53600,293258,292237,0,0
53700,293840,292664,0,0
53800,293845,292899,0,0
53900,293898,293052,0,0
54000,293556,292610,0,0
54100,293199,292253,0,0
54200,292768,291747,0,0
54300,293334,292116,0,0
54400,291960,290671,0,0
54500,291855,290601,0,0
54600,293244,292014,0,0
54700,293856,292366,0,0
54800,294537,292930,0,0
54900,292373,290696,0,0
55000,294095,292285,0,0
55100,293087,291258,0,0
55200,291971,290102,0,0
55300,293475,291504,0,0
55400,292872,290977,0,0
55500,290140,288346,0,0
55600,289242,286698,0,0
55700,291395,286662,0,0
55800,295139,288800,0,0
55900,293444,287563,0,0
56000,294547,288853,0,0
56100,294446,288670,0,0
56200,294619,288629,0,0
56300,294742,289047,0,0
56400,296154,290855,0,0
56500,295633,290452,0,0
56600,295738,290346,0,0
56700,296386,290698,0,0
56800,296338,291149,0,0
56900,294674,289595,0,0
57000,294276,289141,0,0
57100,295340,289649,0,0
57200,295402,290198,0,0
57300,295633,290426,0,0
57400,295120,289721,0,0
57500,295745,290413,0,0
57600,295019,289757,0,0
57700,295908,290725,0,0
57800,296023,290790,0,0
57900,297556,292219,0,0
58000,296428,291635,0,0
58100,295649,290883,0,0
58200,294473,289792,0,0
58300,296142,291097,0,0
58400,296616,291831,0,0
58500,296409,291745,0,0
58600,294747,289949,0,0
58700,296065,291263,0,0
58800,294629,289812,0,0
58900,294573,290092,0,0
59000,294778,290302,0,0
59100,295739,291504,0,0
59200,295637,291156,0,0
59300,295289,290743,0,0
59400,295317,290719,0,0
59500,295464,290837,0,0
59600,294913,290198,0,0
59700,295730,290800,0,0
59800,297624,293085,0,0
59900,297022,292476,0,0
60000,296431,292174,0,0
60100,295484,291337,0,0
60200,296861,292270,0,0
60300,295999,291980,0,0
60400,294715,290699,0,0
60500,297403,293144,0,0
60600,296646,292437,0,0
60700,294512,290676,0,0
60800,295015,291339,0,0
60900,296704,293075,0,0
61000,297629,294191,0,0
61100,296426,293007,0,0
61200,296325,292854,0,0
61300,295022,291588,0,0
61400,297835,294232,0,0
61500,295825,292576,0,0
61600,296056,293120,0,0
61700,295850,292655,0,0
61800,295798,292688,0,0
61900,295407,292095,0,0
62000,295479,292121,0,0
62100,294847,291836,0,0
62200,296300,293551,0,0
62300,295429,292592,0,0
62400,296358,293328,0,0
62500,294275,291337,0,0
62600,293166,290739,0,0
62700,294684,292212,0,0
62800,295892,293199,0,0
62900,296960,294419,0,0
63000,296541,293830,0,0
63100,296232,293586,0,0
63200,295353,292385,0,0
63300,295518,292593,0,0
63400,295560,292601,0,0
63500,295456,292753,0,0
63600,295623,293087,0,0
63700,297197,294770,0,0
63800,296641,293995,0,0
63900,295746,293088,0,0
64000,294168,291086,0,0
64100,295300,292314,0,0
64200,296947,294488,0,0
64300,297342,295059,0,0
64400,296414,294051,0,0
64500,296339,293723,0,0
64600,296985,294400,0,0
64700,295679,292993,0,0
64800,295918,293282,0,0
64900,294372,292147,0,0
65000,294896,292419,0,0
65100,294039,291725,0,0
65200,293299,291164,0,0
65300,293391,291023,0,0
65400,294154,292062,0,0
65500,293044,291003,0,0
65600,293718,291664,0,0
65700,292906,291070,0,0
65800,292402,290383,0,0
65900,294221,292187,0,0
66000,293291,291478,0,0
66100,292825,291036,0,0
66200,293498,291591,0,0
66300,292523,290736,0,0
66400,292069,290672,0,0
66500,292422,290958,0,0
66600,290796,289153,0,0
66700,292009,290367,0,0
66800,293976,292259,0,0
66900,291614,290021,0,0
67000,291948,290379,0,0
67100,293424,291752,0,0
67200,293060,291263,0,0
67300,292726,291205,0,0
67400,292811,291385,0,0
67500,293019,291709,0,0
67600,292163,290954,0,0
67700,293163,291742,0,0
67800,293397,291666,0,0
67900,292925,291468,0,0
68000,291506,290186,0,0
68100,292236,290777,0,0
68200,293356,291962,0,0
68300,293764,292421,0,0
68400,294400,293001,0,0
68500,292036,290872,0,0
68600,291828,290446,0,0
68700,293922,292610,0,0
68800,293886,292536,0,0
68900,292845,291416,0,0
69000,292451,291270,0,0
69100,292803,291317,0,0
69200,292114,290786,0,0
69300,291120,289861,0,0
69400,291587,290427,0,0
69500,292612,291364,0,0
69600,290958,289676,0,0
69700,289710,288567,0,0
69800,290574,289584,0,0
69900,291900,290844,0,0
70000,291199,290118,0,0
70100,289900,288918,0,0
70200,291019,289909,0,0
70300,290631,289611,0,0
70400,291866,290645,0,0
70500,290711,289456,0,0
70600,291219,290124,0,0
70700,290888,289915,0,0
70800,290505,289554,0,0
70900,289776,288724,0,0
71000,289053,288041,0,0
71100,290385,289504,0,0
71200,290401,289439,0,0
71300,289497,288611,0,0
71400,288385,287468,0,0
71500,287676,286719,0,0
71600,290989,290127,0,0
71700,290413,289570,0,0
71800,291028,290138,0,0
71900,290168,289262,0,0
72000,290728,289671,0,0
72100,289943,288974,0,0
72200,289264,288310,0,0
72300,290027,289166,0,0
72400,289137,288195,0,0
72500,288510,287663,0,0
72600,289400,288724,0,0
72700,288745,287999,0,0
72800,289624,288742,0,0
72900,290111,289304,0,0
73000,290129,289300,0,0
73100,291699,290821,0,0
73200,289900,289084,0,0
73300,289437,288525,0,0
73400,290072,289245,0,0
73500,290068,289215,0,0
73600,290488,289535,0,0
73700,291455,290541,0,0
73800,290796,290104,0,0
73900,290959,290203,0,0
74000,290900,290201,0,0
74100,290991,290206,0,0
74200,290848,290175,0,0
74300,289861,289107,0,0
74400,290246,289345,0,0
74500,290371,289419,0,0
74600,289293,288248,0,0
74700,289976,289037,0,0
74800,289030,288039,0,0
74900,289071,288154,0,0
75000,289443,288591,0,0
75100,289307,288473,0,0
75200,289265,288318,0,0
75300,289712,288707,0,0
75400,289470,288321,0,0
75500,289521,288299,0,0
75600,290624,289526,0,0
75700,290383,289463,0,0
75800,290942,289799,0,0
75900,291442,290554,0,0
76000,289852,288912,0,0
76100,290335,289345,0,0
76200,290817,289802,0,0
76300,290950,290035,0,0
76400,288374,287592,0,0
76500,289751,288951,0,0
76600,289901,289145,0,0
76700,290010,289214,0,0
76800,289037,288130,0,0
76900,288295,287413,0,0
77000,289403,288581,0,0
77100,287296,286394,0,0
77200,287718,286851,0,0
77300,289741,288967,0,0
77400,288198,287390,0,0
77500,288365,287545,0,0
77600,288085,287268,0,0
77700,289017,288311,0,0
77800,290967,288407,0,0
77900,295192,289689,0,0
78000,295657,289798,0,0
78100,295258,289268,0,0
78200,296649,290862,0,0
78300,295657,290178,0,0
78400,296135,290346,0,0
78500,294842,288955,0,0
78600,295595,290258,0,0
78700,297012,291608,0,0
78800,296394,291010,0,0
78900,296304,291157,0,0
79000,295813,291001,0,0
79100,296976,292162,0,0
79200,295809,291213,0,0
79300,294899,290358,0,0
79400,296348,292155,0,0
79500,296170,291866,0,0
79600,296546,292032,0,0
79700,295100,290822,0,0
79800,295706,291564,0,0
79900,295398,291927,0,0
80000,295952,292308,0,0
80100,294780,291178,0,0
80200,295383,291854,0,0
80300,295322,291616,0,0
80400,294613,291137,0,0
80500,294927,291604,0,0
80600,293852,291222,0,0
80700,295545,292416,0,0
