update,host_task_NOT,sym_task_NOT,host_task_NAND,sym_task_NAND,host_task_AND,sym_task_AND,host_task_ORN,sym_task_ORN,host_task_OR,sym_task_OR,host_task_ANDN,sym_task_ANDN,host_task_NOR,sym_task_NOR,host_task_XOR,sym_task_XOR,host_task_EQU,sym_task_EQU
0,0,0,0,0,0,0,0,0,0,0,0,0,0,0,0,0,0,0
100,1304,19833,0,0,0,0,0,0,0,0,0,0,0,0,0,0,0,0
200,9170,18982,0,0,0,0,0,0,0,0,0,0,0,0,0,0,0,0
300,9094,18650,0,2,0,0,0,1,0,0,0,0,0,0,0,0,0,0
400,8065,18230,0,4,0,0,0,1,0,0,0,0,0,0,0,0,0,0
500,7563,17011,0,10,0,0,0,0,0,0,0,0,0,0,0,0,0,0
600,7819,21407,0,17,0,0,0,1,0,1,0,0,0,0,0,0,0,0
700,8147,119479,0,218,0,0,0,4,0,0,0,0,0,0,0,0,0,0
800,8091,127667,0,1456,0,0,0,4,0,0,0,0,0,0,0,0,0,0
900,8008,127583,0,2566,0,2,0,3,0,1,0,0,0,0,0,0,0,0
1000,7964,126467,0,3899,0,3,0,11,0,1,0,0,0,0,0,0,0,0
1100,8001,127293,0,3305,0,1,0,2,0,0,0,0,0,0,0,0,0,0
1200,8027,130569,0,1078,0,0,0,4,0,0,0,0,0,0,0,0,0,0
1300,7981,134444,0,178,0,0,0,4,0,1,0,0,0,0,0,0,0,0
1400,8025,134204,0,170,0,2,0,2,0,1,0,0,0,0,0,0,0,0
1500,7959,133619,0,285,0,0,0,1,0,0,0,0,0,0,0,0,0,0
1600,7987,132423,0,1052,0,0,0,4,0,0,0,0,0,0,0,0,0,0
1700,7959,132725,0,923,0,0,0,4,0,3,0,0,0,0,0,0,0,0
1800,8054,137804,0,179,0,2,0,2,0,0,0,0,0,0,0,0,0,0
1900,7971,144399,0,86,0,0,0,3,0,0,0,0,0,0,0,0,0,0
2000,7960,153803,0,192,0,0,0,3,0,1,0,0,0,0,0,0,0,0
2100,7969,169214,0,587,0,0,0,3,0,1,0,0,0,0,0,0,0,0
2200,8059,171864,0,533,0,0,0,2,0,0,0,0,0,0,0,0,0,0
2300,8027,177882,0,529,0,0,0,7,0,0,0,0,0,0,0,0,0,0
2400,7956,180078,0,618,0,0,0,0,0,0,0,0,0,0,0,0,0,0
2500,7742,184628,0,797,0,1,0,3,0,0,0,0,0,0,0,0,0,0
2600,7026,185476,0,1542,0,0,0,1,0,2,0,0,0,0,0,0,0,0
2700,6746,187247,0,1825,0,0,0,5,0,0,0,0,0,1,0,0,0,0
2800,6982,193545,0,846,0,0,1,4,0,1,0,0,0,0,0,0,0,0
2900,7252,194904,0,602,0,0,0,2,0,2,0,0,0,0,0,0,0,0
3000,7318,197196,0,796,0,0,1,4,0,5,0,0,0,0,0,0,0,0
3100,7309,192961,0,519,0,1,0,11,0,0,0,0,0,0,0,0,0,0
3200,7228,186324,0,1047,0,0,1,1,0,0,0,0,0,0,0,0,0,0
3300,7294,185896,0,1415,0,0,0,2,1,0,0,0,0,0,0,0,0,0
3400,7343,180578,0,877,0,0,0,5,0,1,0,0,0,0,0,0,0,0
3500,7273,182004,0,1007,0,15,0,6,1,2,0,0,0,0,0,0,0,0
3600,7317,177037,0,696,0,2,0,0,0,3,0,0,0,0,0,0,0,0
3700,7314,174476,0,860,0,0,0,3,0,0,0,0,0,0,0,0,0,0
3800,7237,176289,0,521,0,0,0,12,0,0,0,0,0,0,0,0,0,0
3900,7312,178517,0,422,2,0,0,1,0,0,0,0,0,0,0,0,0,0
4000,7336,184956,0,170,0,0,1,0,0,0,0,0,0,0,0,0,0,0
4100,7205,186546,0,58,0,0,0,0,0,0,0,0,0,0,0,0,0,0
4200,7329,188415,0,12,0,0,0,5,1,0,0,0,0,0,0,0,0,0
4300,7377,191808,0,7,0,0,0,0,1,0,0,0,0,0,0,0,0,0
4400,7218,192482,0,8,0,0,0,0,0,0,0,0,0,0,0,0,0,0
4500,7299,190707,0,4,0,0,0,1,0,0,0,0,0,0,0,0,0,0
4600,7243,193638,0,4,0,0,0,1,0,1,0,0,0,0,0,0,0,0
4700,7306,193344,0,7,0,0,0,0,0,0,0,0,0,0,0,0,0,0
4800,7272,195161,0,11,0,0,0,0,0,0,0,0,0,0,0,0,0,0
4900,7300,192769,0,13,0,0,0,2,0,0,0,0,0,0,0,0,0,0
5000,7255,190614,0,14,0,0,0,1,0,0,0,0,0,0,0,0,0,0
5100,7010,192662,0,4,0,0,0,0,0,0,0,0,0,0,0,0,0,0
5200,6640,192141,0,11,0,0,0,0,1,0,0,0,0,0,0,0,0,0
5300,6499,193011,0,4,0,0,0,0,0,1,0,0,0,0,0,0,0,0
5400,6689,191522,0,6,0,0,0,1,0,1,0,0,0,0,0,0,0,0
5500,6777,192045,0,2,0,0,0,0,0,0,0,0,0,0,0,0,0,0
5600,7038,191181,1,11,0,0,0,1,1,0,0,0,0,0,0,0,0,0
5700,6972,193210,1,7,0,0,0,0,0,0,0,0,0,0,0,0,0,0
5800,6932,192969,0,6,0,0,0,0,0,0,0,0,0,0,0,0,0,0
5900,7025,193072,0,5,0,0,0,1,1,0,0,0,0,0,0,0,0,0
6000,6987,191295,0,7,0,0,0,0,0,0,0,0,0,0,0,0,0,0
6100,7100,192941,0,16,0,0,1,0,0,0,0,0,0,0,0,0,0,0
6200,6896,193357,0,4,0,0,0,1,0,0,0,0,0,0,0,0,0,0
6300,7017,189902,0,14,0,0,0,0,0,1,0,0,0,0,0,0,0,0
6400,6974,189024,0,7,0,0,1,0,0,0,0,0,0,0,0,0,0,0
6500,7003,187168,0,9,0,0,0,0,0,0,0,0,0,0,0,0,0,0
6600,6940,186227,0,7,0,0,0,0,0,0,0,0,0,0,0,0,0,0
6700,6989,185091,0,13,0,0,0,0,0,0,0,0,0,0,0,0,0,0
6800,7023,185458,0,109,0,0,0,0,0,0,0,0,0,0,0,0,0,0
6900,7002,186352,0,46,2,0,0,0,0,0,0,0,0,0,0,0,0,0
7000,6925,187386,1,8,0,0,0,2,0,0,0,0,0,0,0,0,0,0
7100,6988,185967,0,11,0,0,1,0,0,0,0,0,0,0,0,0,0,0
7200,6990,183989,0,8,0,0,2,0,0,0,0,0,0,0,0,0,0,0
7300,6984,184339,0,48,1,0,0,1,0,0,0,0,0,0,0,0,0,0
7400,6954,187162,1,14,0,0,0,0,0,0,0,0,0,0,0,0,0,0
7500,6929,186700,0,6,0,0,0,0,0,0,0,0,0,0,0,0,0,0
7600,6852,186741,0,14,0,0,0,0,1,0,0,0,0,0,0,0,0,0
7700,6761,187645,0,7,0,0,1,0,0,0,0,0,0,0,0,0,0,0
7800,6498,188485,0,11,0,0,1,2,0,0,0,0,0,0,0,0,0,0
7900,6479,188414,0,7,0,0,1,1,1,0,0,0,0,0,0,0,0,0
8000,6478,188334,0,16,0,0,0,0,1,0,0,0,0,0,0,0,0,0
8100,6628,188679,0,6,0,0,0,0,0,1,0,0,0,0,0,0,0,0
8200,6677,189588,1,13,0,0,0,0,0,0,0,0,0,0,0,0,0,0
8300,6686,188000,0,9,0,1,0,4,1,0,0,0,0,0,0,0,0,0
8400,6787,188475,0,11,0,0,0,0,0,0,0,0,0,0,0,0,0,0
8500,6916,189605,0,10,0,1,0,1,0,0,0,0,0,0,0,0,0,0
8600,6763,191072,0,7,0,0,0,2,0,0,0,0,0,0,0,0,0,0
8700,6747,190894,0,10,0,1,0,1,0,0,0,0,0,0,0,0,0,0
8800,6731,189205,0,11,0,0,1,2,0,1,0,0,0,0,0,0,0,0
8900,6856,188141,0,9,0,0,3,1,1,0,0,0,0,0,0,0,0,0
9000,6851,188174,0,5,0,0,1,1,0,1,0,0,0,0,0,0,0,0
9100,6779,188790,2,10,0,0,1,0,0,0,0,0,0,0,0,0,0,0
9200,6743,189531,1,6,0,0,0,0,0,0,0,0,0,0,0,0,0,0
9300,6777,190339,0,11,0,0,1,0,0,0,0,0,0,0,0,0,0,0
9400,6809,189892,0,8,0,0,1,2,0,0,0,0,0,0,0,0,0,0
9500,6785,190590,0,6,0,0,3,0,1,0,0,0,0,0,0,0,0,0
9600,6810,191467,1,6,0,0,0,0,1,0,0,0,0,0,0,0,0,0
9700,6805,192362,1,5,0,0,0,0,0,0,0,0,0,0,0,0,0,0
9800,6770,193947,0,8,0,0,1,3,0,0,0,0,0,0,0,0,0,0
9900,6807,192608,2,8,0,0,0,1,2,0,0,0,0,0,0,0,0,0
10000,6822,190759,1,23,0,0,2,0,3,0,0,0,0,0,0,0,0,0
10100,6733,191484,0,15,0,0,1,0,1,1,0,0,0,0,0,0,0,0
10200,6602,191604,0,8,0,2,1,2,0,0,0,0,0,0,0,0,0,0
10300,6593,191455,0,7,0,0,0,2,0,0,0,0,0,0,0,0,0,0
10400,6522,190600,0,15,0,0,0,0,1,0,0,0,0,0,0,0,0,0
10500,6406,190358,0,20,0,0,0,1,2,0,0,0,0,0,0,0,0,0
10600,6421,187987,0,5,0,0,0,0,2,0,0,0,0,0,0,0,0,0
10700,6472,187683,1,7,0,0,0,1,0,0,0,0,0,0,0,0,0,0
10800,6689,188358,2,23,0,0,1,0,0,0,0,0,0,0,0,0,0,0
10900,6664,189583,1,8,0,0,2,5,0,0,0,0,0,0,0,0,0,0
11000,6648,190636,2,3,0,0,1,0,1,0,0,0,0,0,0,0,0,0
11100,6734,191327,2,14,0,0,0,0,0,0,0,1,0,0,0,0,0,0
11200,6736,189149,0,23,0,0,0,0,2,0,0,0,0,0,0,0,0,0
11300,6749,187020,0,6,0,1,0,1,1,0,0,0,0,0,0,0,0,0
11400,6726,184330,0,16,0,0,0,1,1,0,1,0,0,0,0,0,0,0
11500,6678,186149,0,30,0,0,3,0,0,0,0,0,0,0,0,0,0,0
11600,6745,187501,0,31,0,0,2,0,0,0,0,0,0,0,0,0,0,0
11700,6712,186281,0,20,0,0,0,1,1,0,0,0,0,0,0,0,0,0
11800,6780,186306,0,22,0,0,0,0,3,0,0,0,0,0,0,0,0,0
11900,6691,186915,0,16,0,0,0,0,1,0,0,0,0,0,0,0,0,0
12000,6796,186514,0,12,0,0,1,0,0,0,0,0,0,0,0,0,0,0
12100,6733,187086,0,13,0,0,0,1,0,0,0,0,0,0,0,0,0,0
12200,6699,186063,0,8,0,0,1,0,1,0,0,0,0,0,0,0,0,0
12300,6789,187635,1,4,0,0,0,1,0,0,0,0,0,0,0,0,0,0
12400,6721,189872,0,17,0,0,1,1,0,0,0,0,0,0,0,0,0,0
12500,6727,189227,1,7,0,0,1,1,0,0,0,0,0,0,0,0,0,0
12600,6718,189609,1,18,0,0,0,0,0,0,0,0,0,0,0,0,0,0
12700,6664,190824,0,17,0,0,0,2,1,0,0,0,0,0,0,0,0,0
12800,6591,191384,0,28,0,0,0,0,0,0,0,0,0,0,0,0,0,0
12900,6541,189760,0,9,0,0,0,0,0,1,0,0,0,0,0,0,0,0
13000,6438,191357,1,21,1,0,0,0,0,0,0,0,0,0,0,0,0,0
13100,6351,191042,0,27,0,0,0,0,0,0,0,0,0,0,0,0,0,0
13200,6397,191116,0,18,0,0,0,1,0,0,0,0,0,0,0,0,0,0
13300,6459,192912,1,17,0,0,0,1,1,0,0,0,0,0,0,0,0,0
13400,6492,191617,0,22,0,0,0,1,0,0,0,0,0,0,0,0,0,0
13500,6551,191320,2,32,0,0,0,0,0,0,0,0,0,0,0,0,0,0
13600,6645,189825,1,24,0,0,0,1,2,0,0,0,0,0,0,0,0,0
13700,6660,191211,0,17,0,0,0,1,1,1,0,0,0,0,0,0,0,0
13800,6632,189706,0,21,0,1,0,0,0,1,0,0,0,0,0,0,0,0
13900,6669,189265,0,27,1,1,0,0,0,1,0,0,0,0,0,0,0,0
14000,6665,189812,0,20,0,0,0,1,0,0,0,0,0,0,0,0,0,0
14100,6635,189258,0,30,0,1,1,0,0,0,0,0,0,0,0,0,0,0
14200,6680,187688,0,42,0,0,1,0,1,0,0,0,0,0,0,0,0,0
14300,6646,180572,1,34,0,0,0,1,1,0,0,0,0,0,0,0,0,0
14400,6715,177151,0,20,0,0,0,0,2,0,0,0,0,0,0,0,0,0
14500,6651,180961,0,47,0,0,1,0,1,0,0,0,0,0,0,0,0,0
14600,6670,178834,1,25,0,0,1,0,0,1,0,0,0,0,0,0,0,0
14700,6711,177110,0,36,0,0,0,0,2,1,0,0,0,0,0,0,0,0
14800,6575,180789,0,37,0,0,0,2,0,0,0,0,0,0,0,0,0,0
14900,6646,182515,1,61,0,0,0,2,1,0,0,0,0,0,0,0,0,0
15000,6678,180972,2,46,0,0,0,2,0,0,0,0,0,0,0,0,0,0
15100,6599,184066,2,52,0,0,1,2,0,0,0,0,0,0,0,0,0,0
15200,6655,186433,1,59,0,1,0,2,0,0,0,0,0,0,0,0,0,0
15300,6665,186021,0,19,0,0,0,0,0,0,0,0,0,0,0,0,0,0
15400,6560,186412,0,53,0,0,0,2,0,0,0,0,0,0,0,0,0,0
15500,6348,187393,1,30,0,0,0,0,0,0,0,0,0,0,0,0,0,0
15600,6431,187256,0,35,0,0,0,1,0,0,0,0,0,0,0,0,0,0
15700,6357,188240,0,45,0,0,0,1,0,0,0,0,0,0,0,0,0,0
15800,6393,188905,0,24,0,0,0,0,0,0,0,0,0,0,0,0,0,0
15900,6448,189138,0,18,0,0,1,1,1,0,0,0,0,0,0,0,0,0
16000,6393,190067,0,51,0,0,0,2,0,0,0,0,0,0,0,0,0,0
16100,6521,191102,0,42,0,0,0,0,1,0,0,0,0,0,0,0,0,0
16200,6604,189165,0,30,0,0,1,1,0,0,0,0,0,0,0,0,0,0
16300,6590,189953,0,35,0,0,0,0,4,0,0,1,0,0,0,0,0,0
16400,6624,188697,0,31,0,0,1,0,2,2,0,0,0,0,0,0,0,0
16500,6680,188597,0,26,0,0,0,0,0,0,0,0,0,0,0,0,0,0
16600,6681,189064,1,41,1,0,0,1,0,0,0,0,0,0,0,0,0,0
16700,6654,190027,0,34,0,0,0,0,1,0,0,0,0,0,0,0,0,0
16800,6603,191293,1,53,0,0,1,1,1,1,0,0,0,0,0,0,0,0
16900,6589,190817,1,53,0,0,1,0,3,1,0,0,0,0,0,0,0,0
17000,6680,188709,0,41,0,0,2,0,1,0,0,0,0,0,0,0,0,0
17100,6635,190612,1,25,0,0,2,0,2,2,0,0,0,0,0,0,0,0
17200,6668,187757,1,25,0,0,0,0,1,0,0,0,0,0,0,0,0,0
17300,6675,179536,0,47,0,0,0,0,0,0,0,0,0,0,0,0,0,0
17400,6671,175075,0,21,0,0,0,0,0,0,0,0,0,0,0,0,0,0
17500,6569,177199,0,21,0,0,1,1,0,1,0,0,0,0,0,0,0,0
17600,6720,180052,0,41,0,0,2,0,0,0,0,0,0,0,0,0,0,0
17700,6630,183661,0,36,0,0,1,0,1,0,0,0,0,0,0,0,0,0
17800,6589,186538,1,34,0,0,2,1,1,1,0,0,0,0,0,0,0,0
17900,6589,188294,1,71,0,0,0,1,2,0,0,0,0,0,0,0,0,0
18000,6590,187647,0,31,0,0,0,1,3,0,0,0,0,0,0,0,0,0
18100,6453,187311,0,39,0,0,0,0,0,1,0,0,0,0,0,0,0,0
18200,6388,182415,0,52,0,0,0,2,0,0,0,0,0,0,0,0,0,0
18300,6335,181962,0,19,0,0,2,2,0,0,0,0,0,0,0,0,0,0
18400,6470,178758,0,55,0,0,1,3,0,1,0,0,0,0,0,0,0,0
18500,6343,175738,0,34,0,0,1,1,0,0,0,0,0,0,0,0,0,0
18600,6382,176380,1,55,0,0,1,1,2,0,0,0,0,0,0,0,0,0
18700,6452,178426,1,28,0,0,0,0,0,0,0,0,0,0,0,0,0,0
18800,6556,181462,1,26,0,0,0,0,0,0,0,0,0,0,0,0,0,0
18900,6585,183035,2,35,0,0,0,1,0,0,0,0,0,0,0,0,0,0
19000,6543,185939,1,71,0,0,1,0,0,0,0,0,0,0,0,0,0,0
19100,6546,186645,0,46,0,0,0,0,2,0,0,0,0,0,0,0,0,0
19200,6624,189085,2,35,0,1,2,1,1,0,0,0,0,0,0,0,0,0
19300,6598,187801,2,31,0,0,2,0,2,0,0,0,0,0,0,0,0,0
19400,6634,187613,0,40,0,0,2,1,1,0,0,0,0,0,0,0,0,0
19500,6516,184008,0,19,1,0,2,3,1,0,0,0,0,0,0,0,0,0
19600,6676,185688,1,60,0,0,0,3,1,0,0,0,0,0,0,0,0,0
19700,6502,188608,0,43,0,2,1,1,0,0,1,0,0,0,0,0,0,0
19800,6609,190075,0,29,0,0,1,1,0,1,0,0,0,0,0,0,0,0
19900,6546,191564,0,38,0,0,1,0,0,0,0,0,0,0,0,0,0,0
20000,6653,191635,2,28,0,1,0,1,1,0,0,0,0,0,0,0,0,0
20100,6536,191822,0,40,0,0,0,4,0,1,0,0,0,0,0,0,0,0
20200,6592,191712,1,40,0,0,0,1,1,0,0,0,0,0,0,0,0,0
20300,6611,190644,0,30,0,0,1,1,2,0,0,0,0,0,0,0,0,0
20400,6563,191023,1,28,0,0,0,1,0,0,0,0,0,0,0,0,0,0
20500,6505,191106,0,57,0,4,1,0,0,0,0,0,0,0,0,0,0,0
20600,6427,192572,1,25,0,0,3,1,2,0,0,0,0,0,0,0,0,0
20700,6417,193134,1,32,0,0,1,0,0,1,0,0,0,0,0,0,0,0
20800,6413,192238,0,36,0,0,1,0,1,0,0,0,0,0,0,0,0,0
20900,6342,192029,0,25,0,0,1,0,0,0,0,0,0,0,0,0,0,0
21000,6382,192236,1,59,0,0,1,0,0,0,0,0,0,0,0,0,0,0
21100,6335,194833,1,30,0,0,0,3,2,0,0,0,0,0,0,0,0,0
21200,6462,194681,1,29,0,0,1,0,1,0,0,0,0,0,0,0,0,0
21300,6461,193381,3,41,0,0,0,1,0,0,0,0,0,0,0,0,0,0
21400,6471,195315,1,46,0,0,0,0,0,0,1,0,0,0,0,0,0,0
21500,6557,194282,0,27,0,0,1,0,0,0,0,0,0,0,0,0,0,0
21600,6482,193875,0,30,0,0,1,0,0,0,0,0,0,0,0,0,0,0
21700,6562,193806,1,20,0,0,0,1,1,0,0,0,0,0,0,0,0,0
21800,6596,193577,0,42,0,2,0,1,0,0,0,0,0,0,0,0,0,0
21900,6542,192155,1,44,1,0,1,0,1,0,0,0,0,0,0,0,0,0
22000,6537,192897,0,43,0,0,0,0,0,0,0,0,0,0,0,0,0,0
22100,6593,193634,0,49,0,0,0,0,0,0,0,0,0,0,0,0,0,0
22200,6600,194041,0,52,0,0,0,1,0,1,0,0,0,0,0,0,0,0
22300,6602,192864,1,63,0,0,1,0,1,0,0,0,0,0,0,0,0,0
22400,6576,193427,0,38,0,0,2,0,1,0,0,0,0,0,0,0,0,0
22500,6562,193743,0,37,0,1,1,1,3,0,0,0,0,0,0,0,0,0
22600,6646,193525,0,47,0,0,0,1,2,0,0,0,0,0,0,0,0,0
22700,6585,193341,0,59,1,0,1,0,1,0,0,0,0,0,0,0,0,0
22800,6535,191995,0,44,0,1,1,0,0,0,0,0,0,0,0,0,0,0
22900,6592,192661,0,54,1,1,0,0,0,0,0,0,0,0,0,0,0,0
23000,6540,191200,1,68,0,0,0,0,0,0,0,0,0,0,0,0,0,0
23100,6488,191169,0,52,1,0,1,0,0,0,0,0,0,0,0,0,0,0
23200,6493,190493,0,31,0,0,0,3,0,0,0,0,0,0,0,0,0,0
23300,6477,188036,3,39,0,0,2,1,0,0,0,0,0,0,0,0,0,0
23400,6339,187877,0,42,0,0,1,3,0,0,0,0,0,0,0,0,0,0
23500,6363,189416,0,62,0,0,0,1,0,0,0,0,0,0,0,0,0,0
23600,6406,188324,0,29,0,0,0,0,0,0,0,0,0,0,0,0,0,0
23700,6329,189273,1,65,0,0,0,1,0,0,0,0,0,0,0,0,0,0
23800,6407,191039,0,40,0,0,0,0,0,0,0,0,0,0,0,0,0,0
23900,6432,188801,0,33,0,0,0,1,0,0,0,0,0,0,0,0,0,0
24000,6460,189672,0,53,0,1,2,0,0,0,0,0,0,0,0,0,0,0
24100,6513,188833,1,45,0,0,0,0,2,0,0,0,0,0,0,0,0,0
24200,6597,187693,0,75,0,0,2,0,1,0,0,0,0,0,0,0,0,0
24300,6571,187717,1,28,0,0,0,1,2,0,0,0,0,0,0,0,0,0
24400,6582,188648,0,55,0,0,0,1,2,0,0,0,0,0,0,0,0,0
24500,6627,188177,1,26,0,0,0,1,0,0,0,0,0,0,0,0,0,0
24600,6548,190118,4,18,0,0,0,0,3,0,0,0,0,0,0,0,0,0
24700,6615,191318,0,22,0,0,0,0,2,0,0,0,0,0,0,0,0,0
24800,6566,192263,1,39,0,0,1,0,2,0,0,0,0,0,0,0,0,0
24900,6666,190016,1,42,0,0,1,0,2,0,0,0,0,0,0,0,0,0
25000,6564,189922,0,36,0,0,1,0,0,0,0,0,0,0,0,0,0,0
25100,6581,190543,1,54,0,0,0,1,0,0,0,0,0,0,0,0,0,0
25200,6621,191075,2,42,0,0,0,0,0,0,0,0,0,0,0,0,0,0
25300,6547,193011,0,53,0,0,0,0,3,0,0,0,0,0,0,0,0,0
25400,6604,192177,0,24,0,0,1,2,4,0,0,0,0,0,0,0,0,0
25500,6608,192511,0,34,1,0,1,1,2,0,0,0,0,0,0,0,0,0
25600,6581,188634,0,40,0,0,0,0,1,0,0,0,0,0,0,0,0,0
25700,6409,188889,1,28,0,0,1,0,2,0,0,0,0,0,0,0,0,0
25800,6459,190327,0,57,0,0,2,0,1,2,0,0,0,0,0,0,0,0
25900,6447,191694,0,45,2,0,1,0,0,0,0,0,0,0,0,0,0,0
26000,6478,191643,1,42,0,0,1,0,0,0,0,0,0,0,0,0,0,0
26100,6343,191807,1,43,0,0,1,0,1,0,0,0,0,0,0,0,0,0
26200,6349,191288,0,20,0,0,0,0,0,0,0,0,0,0,0,0,0,0
26300,6330,190084,1,66,0,0,1,0,0,0,0,0,0,0,0,0,0,0
26400,6431,190708,1,41,0,0,1,0,0,0,0,0,0,0,0,0,0,0
26500,6430,191982,0,50,0,0,2,2,0,0,0,0,0,0,0,0,0,0
26600,6506,192016,0,42,0,0,3,0,0,0,0,0,0,0,0,0,0,0
26700,6572,190847,0,57,0,0,2,0,0,0,0,0,0,0,0,0,0,0
26800,6507,189432,0,37,0,0,1,1,0,1,0,0,0,0,0,0,0,0
26900,6602,192264,2,27,0,0,1,0,0,0,0,0,0,0,0,0,0,0
27000,6591,191011,1,53,0,0,1,0,0,0,0,0,0,0,0,0,0,0
27100,6645,189853,0,13,0,0,0,0,1,1,0,0,0,0,0,0,0,0
27200,6571,189194,1,42,0,0,0,2,1,0,0,0,0,0,0,0,0,0
27300,6624,187201,0,13,0,0,0,0,1,0,0,0,0,0,0,0,0,0
27400,6553,187341,0,42,0,0,0,0,1,0,0,0,0,0,0,0,0,0
27500,6610,188659,0,31,0,0,0,1,1,0,0,0,0,0,0,0,0,0
27600,6571,188635,0,34,1,0,0,0,0,0,0,0,0,0,0,0,0,0
27700,6605,189560,0,39,1,0,0,0,1,0,0,1,0,0,0,0,0,0
27800,6543,190580,1,36,0,0,0,0,0,0,0,0,0,0,0,0,0,0
27900,6594,189856,0,66,0,0,1,0,1,0,0,0,0,0,0,0,0,0
28000,6628,190726,0,84,0,0,2,0,1,0,0,0,0,0,0,0,0,0
28100,6567,190116,0,30,0,0,1,2,0,1,0,0,0,0,0,0,0,0
28200,6541,187265,1,27,0,0,1,5,2,0,0,0,0,0,0,0,0,0
28300,6577,186249,1,29,0,0,2,0,2,0,0,0,0,0,0,0,0,0
28400,6526,185670,0,24,0,0,1,0,1,0,0,0,0,0,0,0,0,0
28500,6437,187590,2,32,0,0,1,0,2,0,0,0,0,0,0,0,0,0
28600,6469,185801,0,15,0,0,1,0,1,0,0,0,0,0,0,0,0,0
28700,6466,183257,1,66,0,0,0,0,0,0,0,0,0,0,0,0,0,0
28800,6456,184483,1,67,0,0,1,0,0,0,0,0,0,0,0,0,0,0
28900,6473,185892,0,55,0,0,1,0,0,0,0,0,0,0,0,0,0,0
29000,6477,185348,0,26,0,0,0,1,0,0,0,0,0,0,0,0,0,0
29100,6475,187654,0,13,0,0,0,1,1,0,0,0,0,0,0,0,0,0
29200,6531,188946,0,30,0,1,1,0,0,0,0,0,0,0,0,0,0,0
29300,6534,188213,1,17,0,0,0,0,0,0,0,0,0,0,0,0,0,0
29400,6589,185805,0,28,0,0,0,0,1,0,0,0,0,0,0,0,0,0
29500,6638,184311,0,28,0,0,0,1,2,1,0,0,0,0,0,0,0,0
29600,6604,181877,0,40,0,0,0,0,0,0,0,0,0,0,0,0,0,0
29700,6704,179781,1,48,0,0,0,0,1,0,0,0,0,0,0,0,0,0
29800,6630,180329,1,43,0,0,0,1,0,0,0,0,0,0,0,0,0,0
29900,6662,181968,0,52,0,2,2,2,0,1,1,0,1,0,0,0,0,0
30000,6678,179732,0,24,0,0,1,6,2,0,0,0,0,0,0,0,0,0
30100,6682,181391,1,32,0,0,1,0,2,0,0,0,0,0,0,0,0,0
30200,6560,182807,0,32,0,0,0,0,2,0,0,0,0,0,0,0,0,0
30300,6764,181859,1,31,0,0,1,0,2,0,0,0,0,0,0,0,0,0
30400,6593,186544,0,41,0,0,0,0,1,0,1,0,0,0,0,0,0,0
30500,6666,187651,0,47,0,0,0,0,2,0,0,0,0,0,0,0,0,0
30600,6622,188121,1,58,1,0,1,1,1,0,0,0,0,0,0,0,0,0
30700,6604,189004,0,41,0,0,1,2,2,0,0,0,0,0,0,0,0,0
30800,6686,188394,1,29,0,1,1,0,0,0,0,0,0,0,0,0,0,0
30900,6619,188459,1,25,0,0,1,0,0,0,0,0,0,0,0,0,0,0
31000,6531,189106,1,46,0,0,0,0,0,0,0,0,0,0,0,0,0,0
31100,6490,190091,1,45,1,0,0,2,0,0,0,0,0,0,0,0,0,0
31200,6520,190417,1,51,0,0,1,0,0,0,0,0,0,0,0,0,0,0
31300,6468,191715,1,50,0,0,2,2,0,0,0,0,0,0,0,0,0,0
31400,6444,191683,0,33,0,0,0,0,0,0,0,0,0,0,0,0,0,0
31500,6437,193096,1,27,0,0,0,1,0,1,0,0,0,0,0,0,0,0
31600,6403,191980,0,38,0,0,0,1,0,0,0,1,0,0,0,0,0,0
31700,6524,192176,1,30,0,0,0,0,0,0,0,0,0,0,0,0,0,0
31800,6516,190865,1,24,0,0,1,0,0,0,0,0,0,0,0,0,0,0
31900,6557,190512,1,43,0,0,0,1,0,0,0,0,0,0,0,0,0,0
32000,6502,185543,0,42,0,0,0,3,0,0,0,0,0,0,0,0,0,0
32100,6539,181089,0,34,0,0,0,0,0,0,0,0,0,0,0,0,0,0
32200,6689,181820,0,33,0,0,1,0,0,0,0,0,0,0,0,0,0,0
32300,6643,182543,1,49,0,1,0,0,0,0,0,0,0,0,0,0,0,0
32400,6589,180453,1,22,0,0,0,1,0,0,0,0,0,0,0,0,0,0
32500,6607,176981,0,37,0,0,1,1,0,0,0,0,0,0,0,0,0,0
32600,6607,177765,1,34,0,0,3,0,0,0,0,0,0,0,0,0,0,0
32700,6642,178888,1,63,0,0,0,1,0,0,0,0,0,0,0,0,0,0
32800,6638,175614,1,29,0,0,1,1,0,0,0,0,0,0,0,0,0,0
32900,6641,171821,1,46,0,0,1,0,1,0,0,0,0,0,0,0,0,0
33000,6603,167905,1,52,0,0,3,1,1,0,0,0,0,0,0,0,0,0
33100,6585,164510,0,61,1,0,0,3,2,0,0,0,0,0,0,0,0,0
33200,6608,164540,1,72,0,0,1,1,0,0,0,0,0,0,0,0,0,0
33300,6666,162174,1,44,0,0,1,1,0,0,0,0,0,0,0,0,0,0
33400,6577,161349,0,49,0,0,1,0,0,0,0,0,0,0,0,0,0,0
33500,6624,157720,2,42,0,0,1,3,0,0,0,0,0,0,0,0,0,0
33600,6543,159239,2,43,0,0,1,1,1,0,0,0,0,0,0,0,0,0
33700,6496,155778,2,43,0,1,1,1,1,0,0,0,0,0,0,0,0,0
33800,6417,151752,2,27,0,0,1,0,0,0,0,0,0,0,0,0,0,0
33900,6465,150450,2,22,0,1,0,0,0,0,0,0,0,0,0,0,0,0
34000,6414,145006,2,41,0,0,2,0,0,0,0,0,0,0,0,0,0,0
34100,6451,142831,2,69,0,0,0,0,1,0,0,0,0,0,0,0,0,0
34200,6449,143213,3,30,0,0,1,1,1,0,0,0,0,0,0,0,0,0
34300,6341,144752,0,47,0,0,1,0,1,0,0,0,0,0,0,0,0,0
34400,6481,147648,1,39,0,0,1,1,1,1,0,0,0,0,0,0,0,0
34500,6487,149757,1,28,0,0,0,0,0,0,0,0,0,0,0,0,0,0
34600,6555,149086,1,21,0,0,0,0,0,0,0,0,0,0,0,0,0,0
34700,6531,147486,0,24,0,1,1,0,2,0,0,0,0,0,0,0,0,0
34800,6632,146687,1,35,0,0,1,3,0,0,0,0,0,0,0,0,0,0
34900,6539,146915,2,31,0,0,0,0,1,0,0,0,0,0,0,0,0,0
35000,6535,144391,2,45,0,0,0,1,0,0,0,0,0,0,0,0,0,0
35100,6639,143247,5,28,0,0,0,0,0,1,0,0,0,0,0,0,0,0
35200,6600,144382,3,20,0,0,0,2,0,0,0,0,0,0,0,0,0,0
35300,6571,146742,3,49,0,1,1,0,0,0,0,0,0,0,0,0,0,0
35400,6625,146012,1,41,0,0,1,0,0,0,0,0,0,0,0,0,0,0
35500,6649,146302,1,50,0,0,0,1,0,0,0,0,0,0,0,0,0,0
35600,6593,147020,2,54,0,0,1,0,0,0,0,0,0,0,0,0,0,0
35700,6504,148607,1,50,0,0,1,0,1,0,0,0,0,0,0,0,0,0
35800,6623,150060,1,25,0,0,0,0,1,0,0,0,0,0,0,0,0,0
35900,6539,152276,5,32,0,0,1,0,0,0,0,0,0,0,0,0,0,0
36000,6592,155147,4,35,0,0,3,0,0,0,0,0,0,0,0,0,0,0
36100,6533,158599,5,32,0,0,1,2,0,0,0,0,0,0,0,0,0,0
36200,6518,159056,6,27,0,0,1,2,1,0,0,0,0,0,0,0,0,0
36300,6503,156922,4,36,0,0,0,2,0,0,0,0,0,0,0,0,0,0
36400,6462,154245,8,32,0,0,0,0,1,0,0,0,0,0,0,0,0,0
36500,6445,154442,9,20,0,0,0,2,1,1,0,0,0,0,0,0,0,0
36600,6466,156851,9,37,0,0,1,0,0,0,0,0,0,0,0,0,0,0
36700,6450,159356,8,56,0,0,1,0,0,0,0,0,0,0,0,0,0,0
36800,6414,160649,9,24,0,0,0,1,1,0,0,0,0,0,0,0,0,0
36900,6467,166063,9,28,0,0,1,0,0,0,0,0,0,0,0,0,0,0
37000,6573,165221,11,51,0,0,0,0,0,0,0,0,0,0,0,0,0,0
37100,6473,163993,8,37,0,0,0,0,0,0,0,0,0,0,0,0,0,0
37200,6567,162044,9,46,0,0,0,1,0,0,0,0,0,0,0,0,0,0
37300,6536,158892,9,41,0,0,1,0,0,0,0,0,0,0,0,0,0,0
37400,6542,155209,11,28,0,0,2,0,0,0,0,0,0,0,0,0,0,0
37500,6628,148641,14,39,0,0,0,0,0,0,0,0,0,0,0,0,0,0
37600,6596,144129,14,27,0,1,2,1,2,0,0,0,0,0,0,0,0,0
37700,6591,143007,13,24,0,0,1,3,2,0,0,1,0,0,0,0,0,0
37800,6602,141766,13,30,0,0,0,0,0,0,0,0,0,0,0,0,0,0
37900,6562,142853,13,31,0,0,0,0,0,0,0,0,0,0,0,0,0,0
38000,6624,144287,22,58,0,2,3,0,0,0,0,0,0,0,0,0,0,0
38100,6614,143527,21,24,0,0,1,0,0,1,0,0,0,0,0,0,0,0
38200,6593,144496,22,26,0,0,0,0,1,0,0,0,0,0,0,0,0,0
38300,6557,143415,23,14,0,0,1,1,1,0,0,0,0,0,0,0,0,0
38400,6657,141135,23,37,0,0,0,0,0,0,0,0,0,0,0,0,0,0
38500,6553,143336,24,25,0,0,0,1,0,0,1,0,0,0,0,0,0,0
38600,6580,145239,25,21,0,1,1,1,1,0,0,0,0,0,0,0,0,0
38700,6489,148538,25,38,0,0,0,1,0,0,0,0,0,0,0,0,0,0
38800,6592,147453,26,48,0,0,1,0,1,0,0,0,0,0,0,0,0,0
38900,6512,145643,26,46,0,0,0,0,1,0,0,0,0,0,0,0,0,0
39000,6430,144528,29,76,0,0,1,1,0,0,0,0,0,0,0,0,0,0
39100,6427,143136,31,38,0,0,0,1,0,0,0,0,0,0,0,0,0,0
39200,6441,143458,29,26,0,0,0,4,1,0,0,0,0,0,0,0,0,0
39300,6536,143241,29,42,0,0,0,0,0,0,0,0,0,0,0,0,0,0
39400,6433,144070,29,17,0,0,0,0,0,0,0,0,0,0,0,0,0,0
39500,6450,140799,35,34,0,0,0,1,1,1,0,0,0,0,0,0,0,0
39600,6492,141447,55,43,0,0,0,3,1,1,0,0,0,0,0,0,0,0
39700,6543,141348,53,31,0,0,0,0,1,0,0,0,0,0,0,0,0,0
39800,6561,141149,49,26,0,0,0,1,0,0,0,0,0,0,0,0,0,0
39900,6481,141645,49,37,0,0,0,1,1,0,0,0,0,0,0,0,0,0
40000,6502,141624,49,34,0,0,1,0,1,0,0,0,0,0,0,0,0,0
40100,6613,144927,69,37,0,0,0,0,1,0,0,0,0,0,0,0,0,0
40200,6575,147062,69,27,0,0,0,0,0,0,0,0,0,0,0,0,0,0
40300,6563,146138,69,30,0,0,0,0,1,1,0,0,0,0,0,0,0,0
40400,6640,148297,69,17,0,0,1,1,1,0,0,0,1,0,0,0,0,0
40500,6572,151519,70,22,0,0,1,0,1,0,0,0,0,0,0,0,0,0
40600,6563,153335,112,26,0,0,0,0,0,0,0,0,0,0,0,0,0,0
40700,6602,158156,127,33,1,0,1,1,0,1,0,0,0,0,0,0,0,0
40800,6536,160361,122,33,0,0,0,0,0,0,0,0,0,0,0,0,0,0
40900,6583,162687,124,37,0,0,0,2,0,0,0,0,0,0,0,0,0,0
41000,6598,164241,126,26,0,0,0,1,1,0,0,0,0,0,0,0,0,0
41100,6477,165698,163,35,0,0,0,0,1,0,0,0,0,0,0,0,0,0
41200,6586,169685,200,39,0,0,0,1,1,0,0,0,0,0,0,0,0,0
41300,6460,166441,196,31,0,0,0,0,0,0,0,0,0,0,0,0,0,0
41400,6527,163201,191,32,0,0,0,0,1,0,0,0,0,0,0,0,0,0
41500,6378,164564,188,20,0,0,2,0,0,0,0,0,0,0,0,0,0,0
41600,6449,168523,206,21,0,0,2,1,1,0,0,0,0,0,0,0,0,0
41700,6415,173366,265,36,0,0,1,0,0,0,0,0,0,0,0,0,0,0
41800,6439,171258,247,37,0,0,1,0,0,0,0,0,0,0,0,0,0,0
41900,6326,171108,226,40,0,0,2,1,0,0,0,0,0,0,0,0,0,0
42000,6403,175643,203,102,0,1,0,0,0,0,0,0,0,0,0,0,0,0
42100,6466,177239,159,738,0,0,0,1,1,0,1,0,0,0,0,0,0,0
42200,6513,179779,88,1961,0,0,2,0,0,0,0,0,0,0,0,0,0,0
42300,6450,182673,63,2457,0,1,0,1,0,0,0,0,0,0,0,0,0,0
42400,6500,180221,49,2321,0,0,1,0,0,0,0,0,0,0,0,0,0,0
42500,6514,179722,60,2321,1,0,1,2,0,0,0,0,0,0,0,0,0,0
42600,6535,181881,51,2232,2,0,0,1,1,0,0,0,0,0,0,0,0,0
42700,6516,183854,52,2193,0,0,0,1,1,0,1,0,0,0,0,0,0,0
42800,6587,182255,53,2204,0,0,0,0,2,0,0,0,0,0,0,0,0,0
42900,6496,182389,57,2170,1,0,0,0,1,0,0,0,1,0,0,0,0,0
43000,6596,185089,50,2334,0,0,0,1,1,1,0,0,1,0,0,0,0,0
43100,6614,184630,57,2450,0,0,0,1,0,0,0,0,0,0,0,0,0,0
43200,6529,185256,51,2376,0,0,0,0,0,0,0,0,0,0,0,0,0,0
43300,6606,184839,60,2330,1,0,0,0,1,1,0,0,0,0,0,0,0,0
43400,6503,186645,50,2489,0,0,0,3,0,1,0,0,0,0,0,0,0,0
43500,6550,186664,59,2314,0,0,1,2,0,0,1,0,0,0,0,0,0,0
43600,6599,187009,52,2472,0,0,0,1,2,0,0,0,0,0,0,0,0,0
43700,6584,187753,51,2265,0,0,1,3,0,0,0,0,0,0,0,0,0,0
43800,6566,187192,51,2377,0,0,0,4,1,0,0,0,0,0,0,0,0,0
43900,6570,187072,50,2308,0,0,1,0,4,0,0,0,0,0,0,0,0,0
44000,6393,187451,43,1965,0,0,0,0,1,0,0,0,0,0,0,0,0,0
44100,6541,188663,49,2156,0,0,2,1,2,1,0,0,0,0,0,0,0,0
44200,6397,190596,49,2049,0,0,0,1,2,0,0,0,0,0,0,0,0,0
44300,6446,191065,42,2100,0,0,0,3,2,0,0,0,0,0,0,0,0,0
44400,6462,190341,41,1892,0,0,0,0,0,0,0,0,0,0,0,0,0,0
44500,6430,189979,42,1883,0,1,0,1,0,0,0,0,0,0,0,0,0,0
44600,6469,188459,40,1970,0,0,2,1,0,0,0,0,0,0,0,0,0,0
44700,6488,188453,52,2085,0,0,2,0,0,0,0,0,0,0,0,0,0,0
44800,6524,189780,43,2312,0,0,1,1,0,0,0,0,0,0,0,0,0,0
44900,6511,191485,48,2454,0,0,0,2,0,0,0,0,0,0,0,0,0,0
45000,6559,190479,49,2236,0,0,0,1,1,0,0,0,0,0,0,0,0,0
45100,6536,191150,54,2026,0,0,1,0,0,0,0,0,0,0,0,0,0,0
45200,6632,190567,48,1969,1,1,1,0,1,0,0,0,0,0,0,0,0,0
45300,6609,188641,48,1904,0,0,1,0,0,0,0,0,0,0,0,0,0,0
45400,6521,189484,47,2048,0,0,2,0,0,0,0,0,0,0,0,0,0,0
45500,6621,191237,57,2102,0,0,0,4,1,0,0,0,0,0,0,0,0,0
45600,6686,191694,46,2065,0,0,0,2,1,1,0,0,0,0,0,0,0,0
45700,6652,192339,50,1962,0,1,2,1,0,0,0,0,0,0,0,0,0,0
45800,6645,191027,51,1868,1,0,3,2,1,0,0,0,0,0,0,0,0,0
45900,6635,190911,54,1925,0,0,4,0,0,1,0,0,0,0,0,0,0,0
46000,6718,191979,47,2093,0,0,1,0,1,0,0,0,0,0,0,0,0,0
46100,6699,191355,51,1938,1,19,1,3,3,0,0,0,0,0,0,0,0,0
46200,6635,188743,52,2123,0,0,2,1,0,0,0,0,0,0,0,0,0,0
46300,6720,187702,48,2069,0,0,0,0,0,0,0,0,0,0,0,0,0,0
46400,6712,188539,44,2078,0,0,1,2,1,0,0,0,0,0,0,0,0,0
46500,6699,188557,44,1991,0,0,1,2,0,0,0,0,0,0,0,0,0,0
46600,6643,187372,48,1987,0,0,0,5,1,0,0,0,0,0,0,0,0,0
46700,6726,187159,46,1939,0,0,1,0,0,0,0,0,0,0,0,0,0,0
46800,6743,188152,40,1639,0,0,0,0,0,1,0,0,0,0,0,0,0,0
46900,6677,187648,36,1944,0,0,1,0,0,0,0,0,0,0,0,0,0,0
47000,6778,188717,42,1665,0,0,0,0,1,0,0,0,0,0,0,0,0,0
47100,6750,189721,32,1744,0,0,1,0,0,0,0,0,0,0,0,0,0,0
47200,6811,191061,42,1856,0,0,0,0,2,1,0,0,0,0,0,0,0,0
47300,6806,190639,39,1870,0,0,0,2,1,0,0,0,0,0,0,0,0,0
47400,6826,191159,33,1702,0,1,2,3,0,0,0,0,0,0,0,0,0,0
47500,6957,191568,43,1265,0,0,0,1,0,0,0,0,0,0,0,0,0,0
47600,7103,191341,38,947,0,0,0,2,1,1,0,0,0,0,0,0,0,0
47700,7153,190528,42,1021,0,0,1,2,1,0,0,0,0,0,0,0,0,0
47800,7280,187311,45,1006,0,0,2,0,3,0,0,0,0,0,0,0,0,0
47900,7338,182359,37,887,0,1,2,0,1,0,0,0,0,0,0,0,0,0
48000,7564,179343,42,836,0,0,3,1,0,1,0,0,0,0,0,0,0,0
48100,7735,177770,41,810,0,0,2,0,0,0,0,0,0,0,0,0,0,0
48200,7910,177246,31,627,0,0,0,0,1,0,0,0,0,0,0,0,0,0
48300,8131,176689,39,746,0,0,2,1,0,0,0,0,0,0,0,0,0,0
48400,8495,177520,36,1062,1,0,2,0,1,0,0,0,0,0,0,0,0,0
48500,8670,181003,41,1369,0,1,0,1,2,0,0,0,0,0,0,0,0,0
48600,8892,182754,34,1189,0,0,0,3,0,1,0,0,0,0,0,0,0,0
48700,9417,181552,42,1388,0,0,1,0,1,0,0,0,0,0,0,0,0,0
48800,9684,182635,38,1538,0,0,1,1,1,1,0,0,0,0,0,0,0,0
48900,10472,186776,34,1663,0,0,1,1,2,1,0,0,1,0,0,0,0,0
49000,10915,184994,41,1529,0,0,1,0,0,1,1,0,0,0,0,0,0,0
49100,11542,184814,37,1732,0,0,0,1,1,0,0,0,0,0,0,0,0,0
49200,12204,185866,39,1642,0,0,0,2,0,0,1,0,0,0,0,0,0,0
49300,12879,185457,34,1344,0,1,0,0,0,0,0,0,0,0,0,0,0,0
49400,13743,183364,30,1315,0,0,1,1,2,0,1,0,0,0,0,0,0,0
49500,14375,184770,32,1354,0,0,1,1,0,0,0,0,0,0,0,0,0,0
49600,15405,187354,28,1373,0,0,1,1,0,0,0,0,0,0,0,0,0,0
49700,16421,188727,32,1082,1,0,1,0,0,0,0,0,0,0,0,0,0,0
49800,17403,189271,43,1261,0,0,0,0,1,0,0,0,0,0,0,0,0,0
49900,18526,189113,37,1154,0,0,1,0,0,0,0,0,0,0,0,0,0,0
50000,20063,189159,38,1140,1,0,2,3,0,0,0,0,0,0,0,0,0,0
50100,21436,190207,41,1162,1,0,0,2,0,0,0,0,0,0,0,0,0,0
50200,22921,190632,35,931,0,0,0,3,1,0,0,0,0,0,0,0,0,0
50300,24576,191790,35,992,0,0,0,0,0,0,0,0,0,0,0,0,0,0
50400,26701,191573,42,1109,0,0,2,0,0,0,1,0,1,0,0,0,0,0
50500,28666,191378,35,1083,0,1,2,0,1,0,0,0,0,0,0,0,0,0
50600,31027,189840,29,938,1,0,2,1,0,0,0,0,0,0,0,0,0,0
50700,33054,189837,24,823,0,0,1,1,0,0,0,0,0,0,0,0,0,0
50800,35655,192384,25,683,1,0,2,0,0,0,1,0,0,0,0,0,0,0
50900,37751,190626,43,578,1,0,0,1,0,0,0,0,0,0,0,0,0,0
51000,40139,190904,78,470,0,0,2,1,0,0,0,0,0,0,0,0,0,0
51100,42543,190076,105,502,2,0,3,0,0,0,0,0,0,0,0,0,0,0
51200,44884,188129,151,368,0,0,1,0,0,0,0,0,0,0,0,0,0,0
51300,46900,185248,205,477,2,0,6,1,1,1,0,0,0,0,0,0,0,0
51400,48798,184671,180,612,0,0,24,1,2,0,0,0,0,0,0,0,0,0
51500,50437,183335,151,799,0,0,24,0,4,0,0,0,0,0,0,0,0,0
51600,52000,185250,134,661,0,0,35,0,1,0,2,0,0,0,0,0,0,0
51700,54110,184141,106,757,1,1,40,0,1,0,0,0,1,0,0,0,0,0
51800,54950,184275,138,630,4,0,33,2,0,1,1,0,0,0,0,0,0,0
51900,57107,185587,108,764,11,0,28,0,0,0,0,0,1,0,0,0,0,0
52000,58328,187157,133,675,1,0,20,0,1,0,1,0,0,0,0,0,0,0
52100,59335,186892,140,586,1,0,24,1,1,0,0,0,0,0,0,0,0,0
52200,61053,186463,147,412,1,0,26,0,2,0,1,0,0,0,0,0,0,0
52300,63271,183580,99,519,2,0,29,0,0,0,0,0,0,0,0,0,0,0
52400,64261,178687,95,360,2,0,22,1,0,0,0,0,0,0,0,0,0,0
52500,65663,171572,64,332,12,0,44,0,1,0,0,0,0,0,0,0,0,0
52600,68142,167464,120,340,9,0,64,0,2,0,0,0,0,0,0,0,0,0
52700,70331,170351,119,344,3,0,66,0,3,1,0,0,0,0,0,0,0,0
