update,count,hosted_syms
0,10000,10000
100,10000,10000
200,10000,10000
300,10000,10000
400,10000,10000
500,10000,10000
600,10000,10000
700,10000,10000
800,10000,10000
900,10000,10000
1000,10000,10000
1100,10000,10000
1200,10000,10000
1300,10000,10000
1400,10000,10000
1500,10000,10000
1600,10000,10000
1700,10000,10000
1800,10000,10000
1900,10000,10000
2000,10000,10000
2100,10000,10000
2200,10000,10000
2300,10000,9999
2400,10000,9992
2500,10000,9954
2600,10000,9903
2700,10000,9941
2800,10000,9983
2900,10000,9999
3000,10000,10000
3100,10000,10000
3200,10000,10000
3300,10000,10000
3400,10000,10000
3500,10000,10000
3600,10000,10000
3700,10000,10000
3800,10000,10000
3900,10000,10000
4000,10000,10000
4100,10000,10000
4200,10000,10000
4300,10000,10000
4400,10000,10000
4500,10000,10000
4600,10000,10000
4700,10000,10000
4800,10000,9999
4900,10000,9990
5000,10000,9984
5100,10000,9949
5200,10000,9939
5300,10000,9952
5400,10000,9968
5500,10000,9994
5600,10000,9998
5700,10000,9998
5800,10000,10000
5900,10000,10000
6000,10000,10000
6100,10000,10000
6200,10000,10000
6300,10000,10000
6400,10000,10000
6500,10000,10000
6600,10000,10000
6700,10000,10000
6800,10000,10000
6900,10000,10000
7000,10000,10000
7100,10000,10000
7200,10000,10000
7300,10000,10000
7400,10000,9997
7500,10000,9990
7600,10000,9976
7700,10000,9967
7800,10000,9955
7900,10000,9960
8000,10000,9965
8100,10000,9987
8200,10000,9996
8300,10000,9999
8400,10000,10000
8500,10000,10000
8600,10000,10000
8700,10000,10000
8800,10000,10000
8900,10000,10000
9000,10000,10000
9100,10000,10000
9200,10000,10000
9300,10000,10000
9400,10000,10000
9500,10000,10000
9600,10000,10000
9700,10000,10000
9800,10000,9999
9900,10000,10000
10000,10000,9997
10100,10000,9993
10200,10000,9971
10300,10000,9961
10400,10000,9954
10500,10000,9951
10600,10000,9972
10700,10000,9985
10800,10000,9992
10900,10000,9995
11000,10000,9999
11100,10000,10000
11200,10000,10000
11300,10000,10000
11400,10000,10000
11500,10000,10000
11600,10000,10000
11700,10000,10000
11800,10000,10000
11900,10000,10000
12000,10000,10000
12100,10000,10000
12200,10000,10000
12300,10000,10000
12400,10000,10000
12500,10000,9999
12600,10000,9996
12700,10000,9986
12800,10000,9980
12900,10000,9966
13000,10000,9966
13100,10000,9963
13200,10000,9985
13300,10000,9982
13400,10000,9984
13500,10000,9993
13600,10000,9999
13700,10000,9998
13800,10000,10000
13900,10000,10000
14000,10000,10000
14100,10000,10000
14200,10000,9999
14300,10000,9999
14400,10000,9999
14500,10000,9999
14600,10000,9999
14700,10000,9999
14800,10000,9999
14900,10000,9997
15000,10000,9999
15100,10000,9996
15200,10000,9997
15300,10000,9991
15400,10000,9979
15500,10000,9977
15600,10000,9959
15700,10000,9961
15800,10000,9963
15900,10000,9975
16000,10000,9988
16100,10000,9990
16200,10000,9989
16300,10000,9997
16400,10000,9997
16500,10000,9999
16600,10000,9999
16700,10000,10000
16800,10000,10000
16900,10000,10000
17000,10000,10000
17100,10000,10000
17200,10000,10000
17300,10000,10000
17400,10000,10000
17500,10000,9999
17600,10000,9999
17700,10000,9997
17800,10000,9995
17900,10000,9987
18000,10000,9985
18100,10000,9979
18200,10000,9976
18300,10000,9966
18400,10000,9979
18500,10000,9985
18600,10000,9981
18700,10000,9995
18800,10000,9996
18900,10000,9995
19000,10000,9999
19100,10000,10000
19200,10000,10000
19300,10000,10000
19400,10000,10000
19500,10000,10000
19600,10000,10000
19700,10000,10000
19800,10000,10000
19900,10000,10000
20000,10000,9999
20100,10000,10000
20200,10000,9999
20300,10000,9999
20400,10000,9989
20500,10000,9992
20600,10000,9987
20700,10000,9981
20800,10000,9982
20900,10000,9972
21000,10000,9981
21100,10000,9981
21200,10000,9981
21300,10000,9991
21400,10000,9996
21500,10000,9999
21600,10000,10000
21700,10000,9999
21800,10000,9999
21900,10000,10000
22000,10000,10000
22100,10000,10000
22200,10000,10000
22300,10000,10000
22400,10000,10000
22500,10000,10000
22600,10000,10000
22700,10000,9999
22800,10000,9997
22900,10000,9994
23000,10000,9994
23100,10000,9996
23200,10000,9985
23300,10000,9981
23400,10000,9982
23500,10000,9975
23600,10000,9972
23700,10000,9982
23800,10000,9978
23900,10000,9988
24000,10000,9996
24100,10000,9991
24200,10000,9997
24300,10000,9999
24400,10000,10000
24500,10000,10000
24600,10000,10000
24700,10000,10000
24800,10000,10000
24900,10000,10000
25000,10000,10000
25100,10000,10000
25200,10000,10000
25300,10000,9999
25400,10000,9997
25500,10000,9998
25600,10000,9986
25700,10000,9992
25800,10000,9990
25900,10000,9986
26000,10000,9981
26100,10000,9975
26200,10000,9976
26300,10000,9982
26400,10000,9983
26500,10000,9983
26600,10000,9991
26700,10000,9995
26800,10000,9998
26900,10000,9999
27000,10000,9998
27100,10000,9999
27200,10000,10000
27300,10000,10000
27400,10000,10000
27500,10000,10000
27600,10000,10000
27700,10000,10000
27800,10000,10000
27900,10000,9997
28000,10000,9999
28100,10000,9999
28200,10000,9995
28300,10000,9985
28400,10000,9987
28500,10000,9982
28600,10000,9985
28700,10000,9976
28800,10000,9979
28900,10000,9974
29000,10000,9981
29100,10000,9986
29200,10000,9990
29300,10000,9997
29400,10000,9996
29500,10000,9994
29600,10000,9998
29700,10000,9999
29800,10000,9998
29900,10000,9997
30000,10000,9997
30100,10000,9999
30200,10000,9999
30300,10000,9999
30400,10000,10000
30500,10000,9998
30600,10000,9997
30700,10000,9996
30800,10000,9993
30900,10000,9992
31000,10000,9989
31100,10000,9986
31200,10000,9974
31300,10000,9979
31400,10000,9970
31500,10000,9980
31600,10000,9983
31700,10000,9990
31800,10000,9995
31900,10000,9995
32000,10000,9993
32100,10000,9997
32200,10000,9997
32300,10000,9998
32400,10000,9999
32500,10000,10000
32600,10000,10000
32700,10000,10000
32800,10000,10000
32900,10000,9999
33000,10000,9999
33100,10000,9998
33200,10000,9995
33300,10000,9995
33400,10000,9996
33500,10000,9990
33600,10000,9988
33700,10000,9988
33800,10000,9981
33900,10000,9976
34000,10000,9978
34100,10000,9983
34200,10000,9987
34300,10000,9983
34400,10000,9987
34500,10000,9991
34600,10000,9990
34700,10000,9996
34800,10000,9996
34900,10000,10000
35000,10000,9999
35100,10000,9999
35200,10000,10000
35300,10000,9999
35400,10000,10000
35500,10000,9999
35600,10000,9999
35700,10000,9996
35800,10000,9998
35900,10000,9997
36000,10000,9993
36100,10000,9985
36200,10000,9979
36300,10000,9987
36400,10000,9980
36500,10000,9977
36600,10000,9982
36700,10000,9983
36800,10000,9980
36900,10000,9986
37000,10000,9986
37100,10000,9992
37200,10000,9991
37300,10000,9997
37400,10000,9996
37500,10000,9997
37600,10000,9999
37700,10000,9998
37800,10000,9999
37900,10000,9998
38000,10000,10000
38100,10000,9998
38200,10000,9999
38300,10000,9996
38400,10000,9999
38500,10000,9998
38600,10000,9987
38700,10000,9989
38800,10000,9981
38900,10000,9986
39000,10000,9992
39100,10000,9977
39200,10000,9984
39300,10000,9977
39400,10000,9986
39500,10000,9991
39600,10000,9987
39700,10000,9994
39800,10000,9994
39900,10000,9999
40000,10000,9997
40100,10000,9997
40200,10000,9998
40300,10000,9998
40400,10000,9998
40500,10000,10000
40600,10000,9998
40700,10000,10000
40800,10000,9998
40900,10000,9998
41000,10000,9996
41100,10000,9995
41200,10000,9996
41300,10000,9986
41400,10000,9984
41500,10000,9988
41600,10000,9987
41700,10000,9977
41800,10000,9984
41900,10000,9984
42000,10000,9981
42100,10000,9986
42200,10000,9986
42300,10000,9990
42400,10000,9991
42500,10000,9995
42600,10000,9996
42700,10000,9999
42800,10000,9999
42900,10000,9998
43000,10000,10000
43100,10000,9996
43200,10000,9998
43300,10000,9998
43400,10000,9997
43500,10000,9998
43600,10000,9994
43700,10000,9994
43800,10000,9991
43900,10000,9989
44000,10000,9990
44100,10000,9986
44200,10000,9990
44300,10000,9984
44400,10000,9976
44500,10000,9981
44600,10000,9976
44700,10000,9986
44800,10000,9982
44900,10000,9987
45000,10000,9990
45100,10000,9992
45200,10000,9994
45300,10000,9995
45400,10000,9995
45500,10000,9992
45600,10000,9997
45700,10000,9993
45800,10000,9993
45900,10000,9996
46000,10000,9996
46100,10000,9999
46200,10000,9995
46300,10000,9989
46400,10000,9986
46500,10000,9988
46600,10000,9992
46700,10000,9985
46800,10000,9983
46900,10000,9979
47000,10000,9979
47100,10000,9977
47200,10000,9974
47300,10000,9972
47400,10000,9984
47500,10000,9989
47600,10000,9988
47700,10000,9985
47800,10000,9987
47900,10000,9988
48000,10000,9988
48100,10000,9992
48200,10000,9990
48300,10000,9986
48400,10000,9986
48500,10000,9988
48600,10000,9986
48700,10000,9990
48800,10000,9989
48900,10000,9984
49000,10000,9986
49100,10000,9976
49200,10000,9977
49300,10000,9974
49400,10000,9961
49500,10000,9978
49600,10000,9969
49700,10000,9979
49800,10000,9979
49900,10000,9972
50000,10000,9982
50100,10000,9970
50200,10000,9971
50300,10000,9978
50400,10000,9969
50500,10000,9978
50600,10000,9978
50700,10000,9975
50800,10000,9978
50900,10000,9976
51000,10000,9973
51100,10000,9975
51200,10000,9963
51300,10000,9978
51400,10000,9968
51500,10000,9980
51600,10000,9975
51700,10000,9965
51800,10000,9974
51900,10000,9969
52000,10000,9963
52100,10000,9967
52200,10000,9974
52300,10000,9969
52400,10000,9958
52500,10000,9965
52600,10000,9974
52700,10000,9966
52800,10000,9960
52900,10000,9958
53000,10000,9967
53100,10000,9959
53200,10000,9962
53300,10000,9941
53400,10000,9963
53500,10000,9956
53600,10000,9948
53700,10000,9928
53800,10000,9956
53900,10000,9942
54000,10000,9941
54100,10000,9943
54200,10000,9940
54300,10000,9940
54400,10000,9934
54500,10000,9930
54600,10000,9927
54700,10000,9920
54800,10000,9916
54900,10000,9901
55000,10000,9898
55100,10000,9880
55200,10000,9877
55300,10000,9853
55400,10000,9859
55500,10000,9850
55600,10000,9850
55700,10000,9942
55800,10000,9957
55900,10000,9955
56000,10000,9946
56100,10000,9944
56200,10000,9954
56300,10000,9942
56400,10000,9942
56500,10000,9989
56600,10000,9985
56700,10000,9981
56800,10000,9987
56900,10000,9982
57000,10000,9991
57100,10000,9984
57200,10000,9987
57300,10000,9986
57400,10000,9986
57500,10000,9983
57600,10000,9990
57700,10000,9986
57800,10000,9987
57900,10000,9982
58000,10000,9982
58100,10000,9984
58200,10000,9978
58300,10000,9989
58400,10000,9989
58500,10000,9984
58600,10000,9982
58700,10000,9987
58800,10000,9986
58900,10000,9983
59000,10000,9987
59100,10000,9991
59200,10000,9988
59300,10000,9979
59400,10000,9994
59500,10000,9991
59600,10000,9988
59700,10000,9984
59800,10000,9992
59900,10000,9980
60000,10000,9984
60100,10000,9987
60200,10000,9986
60300,10000,9986
60400,10000,9990
60500,10000,9986
60600,10000,9991
60700,10000,9983
60800,10000,9986
60900,10000,9988
61000,10000,9989
61100,10000,9983
61200,10000,9988
61300,10000,9989
61400,10000,9981
61500,10000,9981
61600,10000,9984
61700,10000,9984
61800,10000,9991
61900,10000,9981
62000,10000,9986
62100,10000,9976
62200,10000,9987
62300,10000,9981
62400,10000,9979
62500,10000,9987
62600,10000,9978
62700,10000,9987
62800,10000,9989
62900,10000,9987
63000,10000,9983
63100,10000,9986
63200,10000,9979
63300,10000,9987
63400,10000,9978
63500,10000,9985
63600,10000,9979
63700,10000,9982
63800,10000,9972
63900,10000,9972
64000,10000,9961
64100,10000,9964
64200,10000,9973
64300,10000,9965
64400,10000,9959
64500,10000,9961
64600,10000,9955
64700,10000,9954
64800,10000,9957
64900,10000,9952
65000,10000,9945
65100,10000,9944
65200,10000,9944
65300,10000,9937
65400,10000,9937
65500,10000,9932
65600,10000,9934
65700,10000,9927
65800,10000,9932
65900,10000,9927
66000,10000,9935
66100,10000,9929
66200,10000,9928
66300,10000,9935
66400,10000,9933
66500,10000,9932
66600,10000,9927
66700,10000,9930
66800,10000,9923
66900,10000,9925
67000,10000,9924
67100,10000,9912
67200,10000,9915
67300,10000,9910
67400,10000,9912
67500,10000,9909
67600,10000,9912
67700,10000,9909
67800,10000,9902
67900,10000,9898
68000,10000,9891
68100,10000,9889
68200,10000,9893
68300,10000,9893
68400,10000,9891
68500,10000,9890
68600,10000,9893
68700,10000,9891
68800,10000,9883
68900,10000,9881
69000,10000,9878
69100,10000,9890
69200,10000,9887
69300,10000,9882
69400,10000,9884
69500,10000,9874
69600,10000,9873
69700,10000,9874
69800,10000,9867
69900,10000,9859
70000,10000,9863
70100,10000,9855
70200,10000,9846
70300,10000,9845
70400,10000,9837
70500,10000,9843
70600,10000,9835
70700,10000,9830
70800,10000,9829
70900,10000,9819
71000,10000,9817
71100,10000,9812
71200,10000,9818
71300,10000,9812
71400,10000,9815
71500,10000,9814
71600,10000,9808
71700,10000,9811
71800,10000,9818
71900,10000,9809
72000,10000,9816
72100,10000,9820
72200,10000,9820
72300,10000,9815
72400,10000,9826
72500,10000,9818
72600,10000,9828
72700,10000,9822
72800,10000,9835
72900,10000,9839
73000,10000,9847
73100,10000,9845
73200,10000,9839
73300,10000,9839
73400,10000,9850
73500,10000,9851
73600,10000,9846
73700,10000,9843
73800,10000,9843
73900,10000,9849
74000,10000,9847
74100,10000,9836
74200,10000,9827
74300,10000,9840
74400,10000,9835
74500,10000,9838
74600,10000,9829
74700,10000,9829
74800,10000,9824
74900,10000,9824
75000,10000,9823
75100,10000,9821
75200,10000,9817
75300,10000,9817
75400,10000,9812
75500,10000,9806
75600,10000,9805
75700,10000,9803
75800,10000,9805
75900,10000,9807
76000,10000,9805
76100,10000,9800
76200,10000,9805
76300,10000,9794
76400,10000,9793
76500,10000,9795
76600,10000,9788
76700,10000,9792
76800,10000,9785
76900,10000,9783
77000,10000,9782
77100,10000,9779
77200,10000,9786
77300,10000,9792
77400,10000,9795
77500,10000,9795
77600,10000,9790
77700,10000,9794
77800,10000,9955
77900,10000,9989
78000,10000,9990
78100,10000,9987
78200,10000,9988
78300,10000,9991
78400,10000,9989
78500,10000,9984
78600,10000,9984
78700,10000,9982
78800,10000,9985
78900,10000,9985
79000,10000,9987
79100,10000,9989
79200,10000,9993
79300,10000,9982
79400,10000,9987
79500,10000,9985
79600,10000,9992
79700,10000,9984
79800,10000,9990
79900,10000,9984
80000,10000,9989
80100,10000,9990
80200,10000,9984
80300,10000,9986
80400,10000,9986
80500,10000,9988
80600,10000,9988
80700,10000,9991
