update,sym_points_earned,sym_donate_calls,sym_points_donated,sym_steal_calls,sym_points_stolen
0,0,0,0,0,0
100,99005,0,0,0,0
200,94620,0,0,0,0
300,93390,0,0,0,0
400,92440,0,0,0,0
500,84825,0,0,0,0
600,84650,0,0,0,0
700,181500,0,0,0,0
800,337350,0,0,0,0
900,879915,0,0,0,0
1000,1.12888e+06,0,0,0,0
1100,1.1303e+06,0,0,0,0
1200,1.1218e+06,0,0,0,0
1300,1.11728e+06,0,0,0,0
1400,1.10981e+06,0,0,0,0
1500,1.11414e+06,0,0,0,0
1600,1.10592e+06,0,0,0,0
1700,1.10364e+06,0,0,0,0
1800,1.10109e+06,0,0,0,0
1900,1.101e+06,0,0,0,0
2000,1.1013e+06,0,0,0,0
2100,1.09598e+06,0,0,0,0
2200,1.09863e+06,0,0,0,0
2300,1.0985e+06,0,0,0,0
2400,1.09844e+06,0,0,0,0
2500,1.09494e+06,0,0,0,0
2600,1.09434e+06,0,0,0,0
2700,1.09657e+06,0,0,0,0
2800,1.09896e+06,0,0,0,0
2900,1.10154e+06,0,0,0,0
3000,1.10067e+06,0,0,0,0
3100,1.10121e+06,0,0,0,0
3200,1.10188e+06,0,0,0,0
3300,1.0954e+06,0,0,0,0
3400,1.08928e+06,0,0,0,0
3500,1.09768e+06,0,0,0,0
3600,1.09668e+06,0,0,0,0
3700,1.1028e+06,0,0,0,0
3800,1.09696e+06,0,0,0,0
3900,1.10638e+06,0,0,0,0
4000,1.10482e+06,0,0,0,0
4100,1.10032e+06,0,0,0,0
4200,1.09844e+06,0,0,0,0
4300,1.1002e+06,0,0,0,0
4400,1.09714e+06,0,0,0,0
4500,1.09389e+06,0,0,0,0
4600,1.10162e+06,0,0,0,0
4700,1.104e+06,0,0,0,0
4800,1.09583e+06,0,0,0,0
4900,1.10223e+06,0,0,0,0
5000,1.10108e+06,0,0,0,0
5100,1.09678e+06,0,0,0,0
5200,1.08365e+06,0,0,0,0
5300,1.08538e+06,0,0,0,0
5400,1.08826e+06,0,0,0,0
5500,1.09409e+06,0,0,0,0
5600,1.09605e+06,0,0,0,0
5700,1.09644e+06,0,0,0,0
5800,1.09652e+06,0,0,0,0
5900,1.09458e+06,0,0,0,0
6000,1.08528e+06,0,0,0,0
6100,1.09329e+06,0,0,0,0
6200,1.09797e+06,0,0,0,0
6300,1.09503e+06,0,0,0,0
6400,1.09302e+06,0,0,0,0
6500,1.095e+06,0,0,0,0
6600,1.09762e+06,0,0,0,0
6700,1.09558e+06,0,0,0,0
6800,1.10029e+06,0,0,0,0
6900,1.10198e+06,0,0,0,0
7000,1.09818e+06,0,0,0,0
7100,1.09832e+06,0,0,0,0
7200,1.09908e+06,0,0,0,0
7300,1.10256e+06,0,0,0,0
7400,1.10186e+06,0,0,0,0
7500,1.10304e+06,0,0,0,0
7600,1.0998e+06,0,0,0,0
7700,1.0944e+06,0,0,0,0
7800,1.08806e+06,0,0,0,0
7900,1.08924e+06,0,0,0,0
8000,1.09062e+06,0,0,0,0
8100,1.09609e+06,0,0,0,0
8200,1.08902e+06,0,0,0,0
8300,1.09591e+06,0,0,0,0
8400,1.09524e+06,0,0,0,0
8500,1.09911e+06,0,0,0,0
8600,1.10032e+06,0,0,0,0
8700,1.10136e+06,0,0,0,0
8800,1.09689e+06,0,0,0,0
8900,1.09116e+06,0,0,0,0
9000,1.10075e+06,0,0,0,0
9100,1.10176e+06,0,0,0,0
9200,1.09606e+06,0,0,0,0
9300,1.0981e+06,0,0,0,0
9400,1.09262e+06,0,0,0,0
9500,1.09135e+06,0,0,0,0
9600,1.09128e+06,0,0,0,0
9700,1.10073e+06,0,0,0,0
9800,1.09668e+06,0,0,0,0
9900,1.09475e+06,0,0,0,0
10000,1.09035e+06,0,0,0,0
10100,1.09254e+06,0,0,0,0
10200,1.09574e+06,0,0,0,0
10300,1.08868e+06,0,0,0,0
10400,1.08798e+06,0,0,0,0
10500,1.08712e+06,0,0,0,0
10600,1.09032e+06,0,0,0,0
10700,1.09521e+06,0,0,0,0
10800,1.08566e+06,0,0,0,0
10900,1.09303e+06,0,0,0,0
11000,1.08792e+06,0,0,0,0
11100,1.0954e+06,0,0,0,0
11200,1.08768e+06,0,0,0,0
11300,1.09358e+06,0,0,0,0
11400,1.09584e+06,0,0,0,0
11500,1.08854e+06,0,0,0,0
11600,1.09952e+06,0,0,0,0
11700,1.09422e+06,0,0,0,0
11800,1.09866e+06,0,0,0,0
11900,1.09542e+06,0,0,0,0
12000,1.09487e+06,0,0,0,0
12100,1.09938e+06,0,0,0,0
12200,1.09641e+06,0,0,0,0
12300,1.09626e+06,0,0,0,0
12400,1.09958e+06,0,0,0,0
12500,1.09161e+06,0,0,0,0
12600,1.10232e+06,0,0,0,0
12700,1.10613e+06,0,0,0,0
12800,1.08982e+06,0,0,0,0
12900,1.09835e+06,0,0,0,0
13000,1.1e+06,0,0,0,0
13100,1.10237e+06,0,0,0,0
13200,1.09835e+06,0,0,0,0
13300,1.10491e+06,0,0,0,0
13400,1.10396e+06,0,0,0,0
13500,1.10454e+06,0,0,0,0
13600,1.10764e+06,0,0,0,0
13700,1.103e+06,0,0,0,0
13800,1.10362e+06,0,0,0,0
13900,1.10254e+06,0,0,0,0
14000,1.10171e+06,0,0,0,0
14100,1.10414e+06,0,0,0,0
14200,1.10713e+06,0,0,0,0
14300,1.10254e+06,0,0,0,0
14400,1.10592e+06,0,0,0,0
14500,1.1024e+06,0,0,0,0
14600,1.09956e+06,0,0,0,0
14700,1.10233e+06,0,0,0,0
14800,1.09876e+06,0,0,0,0
14900,1.10064e+06,0,0,0,0
15000,1.10132e+06,0,0,0,0
15100,1.10159e+06,0,0,0,0
15200,1.09874e+06,0,0,0,0
15300,1.09712e+06,0,0,0,0
15400,1.09992e+06,0,0,0,0
15500,1.10094e+06,0,0,0,0
15600,1.1004e+06,0,0,0,0
15700,1.10146e+06,0,0,0,0
15800,1.10405e+06,0,0,0,0
15900,1.10289e+06,0,0,0,0
16000,1.10328e+06,0,0,0,0
16100,1.1003e+06,0,0,0,0
16200,1.1026e+06,0,0,0,0
16300,1.10163e+06,0,0,0,0
16400,1.09867e+06,0,0,0,0
16500,1.10771e+06,0,0,0,0
16600,1.10762e+06,0,0,0,0
16700,1.10476e+06,0,0,0,0
16800,1.10786e+06,0,0,0,0
16900,1.09862e+06,0,0,0,0
17000,1.10427e+06,0,0,0,0
17100,1.10008e+06,0,0,0,0
17200,1.1038e+06,0,0,0,0
17300,1.10229e+06,0,0,0,0
17400,1.09491e+06,0,0,0,0
17500,1.09852e+06,0,0,0,0
17600,1.098e+06,0,0,0,0
17700,1.09607e+06,0,0,0,0
17800,1.10449e+06,0,0,0,0
17900,1.109e+06,0,0,0,0
18000,1.11011e+06,0,0,0,0
18100,1.10594e+06,0,0,0,0
18200,1.0989e+06,0,0,0,0
18300,1.10088e+06,0,0,0,0
18400,1.10184e+06,0,0,0,0
18500,1.1076e+06,0,0,0,0
18600,1.10667e+06,0,0,0,0
18700,1.10794e+06,0,0,0,0
18800,1.09898e+06,0,0,0,0
18900,1.1021e+06,0,0,0,0
19000,1.0998e+06,0,0,0,0
19100,1.10117e+06,0,0,0,0
19200,1.10198e+06,0,0,0,0
19300,1.10537e+06,0,0,0,0
19400,1.1004e+06,0,0,0,0
19500,1.10372e+06,0,0,0,0
19600,1.10516e+06,0,0,0,0
19700,1.10882e+06,0,0,0,0
19800,1.10743e+06,0,0,0,0
19900,1.10718e+06,0,0,0,0
20000,1.10281e+06,0,0,0,0
20100,1.10456e+06,0,0,0,0
20200,1.10934e+06,0,0,0,0
20300,1.1083e+06,0,0,0,0
20400,1.1076e+06,0,0,0,0
20500,1.10208e+06,0,0,0,0
20600,1.10492e+06,0,0,0,0
20700,1.1031e+06,0,0,0,0
20800,1.10322e+06,0,0,0,0
20900,1.10255e+06,0,0,0,0
21000,1.10698e+06,0,0,0,0
21100,1.10438e+06,0,0,0,0
21200,1.09863e+06,0,0,0,0
21300,1.10145e+06,0,0,0,0
21400,1.10287e+06,0,0,0,0
21500,1.09838e+06,0,0,0,0
21600,1.10037e+06,0,0,0,0
21700,1.11219e+06,0,0,0,0
21800,1.11338e+06,0,0,0,0
21900,1.1065e+06,0,0,0,0
22000,1.11098e+06,0,0,0,0
22100,1.1086e+06,0,0,0,0
22200,1.11192e+06,0,0,0,0
22300,1.10991e+06,0,0,0,0
22400,1.10744e+06,0,0,0,0
22500,1.10592e+06,0,0,0,0
22600,1.1018e+06,0,0,0,0
22700,1.102e+06,0,0,0,0
22800,1.1036e+06,0,0,0,0
22900,1.10904e+06,0,0,0,0
23000,1.106e+06,0,0,0,0
23100,1.10248e+06,0,0,0,0
23200,1.10315e+06,0,0,0,0
23300,1.10242e+06,0,0,0,0
23400,1.10363e+06,0,0,0,0
23500,1.10238e+06,0,0,0,0
23600,1.10297e+06,0,0,0,0
23700,1.10256e+06,0,0,0,0
23800,1.09553e+06,0,0,0,0
23900,1.10122e+06,0,0,0,0
24000,1.09962e+06,0,0,0,0
24100,1.09497e+06,0,0,0,0
24200,1.09122e+06,0,0,0,0
24300,1.09053e+06,0,0,0,0
24400,1.0935e+06,0,0,0,0
24500,1.0956e+06,0,0,0,0
24600,1.09457e+06,0,0,0,0
24700,1.09832e+06,0,0,0,0
24800,1.10132e+06,0,0,0,0
24900,1.1032e+06,0,0,0,0
25000,1.10314e+06,0,0,0,0
25100,1.09977e+06,0,0,0,0
25200,1.10304e+06,0,0,0,0
25300,1.10044e+06,0,0,0,0
25400,1.10206e+06,0,0,0,0
25500,1.1022e+06,0,0,0,0
25600,1.09944e+06,0,0,0,0
25700,1.09954e+06,0,0,0,0
25800,1.11122e+06,0,0,0,0
25900,1.11017e+06,0,0,0,0
26000,1.10574e+06,0,0,0,0
26100,1.10333e+06,0,0,0,0
26200,1.104e+06,0,0,0,0
26300,1.09964e+06,0,0,0,0
26400,1.10279e+06,0,0,0,0
26500,1.10376e+06,0,0,0,0
26600,1.10248e+06,0,0,0,0
26700,1.10358e+06,0,0,0,0
26800,1.10002e+06,0,0,0,0
26900,1.09653e+06,0,0,0,0
27000,1.10472e+06,0,0,0,0
27100,1.09692e+06,0,0,0,0
27200,1.09994e+06,0,0,0,0
27300,1.10033e+06,0,0,0,0
27400,1.09631e+06,0,0,0,0
27500,1.09777e+06,0,0,0,0
27600,1.095e+06,0,0,0,0
27700,1.09773e+06,0,0,0,0
27800,1.09729e+06,0,0,0,0
27900,1.09718e+06,0,0,0,0
28000,1.09938e+06,0,0,0,0
28100,1.09468e+06,0,0,0,0
28200,1.09892e+06,0,0,0,0
28300,1.10282e+06,0,0,0,0
28400,1.10172e+06,0,0,0,0
28500,1.098e+06,0,0,0,0
28600,1.10094e+06,0,0,0,0
28700,1.10036e+06,0,0,0,0
28800,1.10237e+06,0,0,0,0
28900,1.09765e+06,0,0,0,0
29000,1.0982e+06,0,0,0,0
29100,1.10434e+06,0,0,0,0
29200,1.1013e+06,0,0,0,0
29300,1.09948e+06,0,0,0,0
29400,1.10248e+06,0,0,0,0
29500,1.10466e+06,0,0,0,0
29600,1.09223e+06,0,0,0,0
29700,1.10028e+06,0,0,0,0
29800,1.10443e+06,0,0,0,0
29900,1.10426e+06,0,0,0,0
30000,1.10288e+06,0,0,0,0
30100,1.1082e+06,0,0,0,0
30200,1.10897e+06,0,0,0,0
30300,1.10546e+06,0,0,0,0
30400,1.10514e+06,0,0,0,0
30500,1.10038e+06,0,0,0,0
30600,1.10474e+06,0,0,0,0
30700,1.0963e+06,0,0,0,0
30800,1.10302e+06,0,0,0,0
30900,1.09508e+06,0,0,0,0
31000,1.09884e+06,0,0,0,0
31100,1.10581e+06,0,0,0,0
31200,1.1121e+06,0,0,0,0
31300,1.10664e+06,0,0,0,0
31400,1.10124e+06,0,0,0,0
31500,1.09673e+06,0,0,0,0
31600,1.09382e+06,0,0,0,0
31700,1.09815e+06,0,0,0,0
31800,1.10148e+06,0,0,0,0
31900,1.09789e+06,0,0,0,0
32000,1.0986e+06,0,0,0,0
32100,1.10387e+06,0,0,0,0
32200,1.10488e+06,0,0,0,0
32300,1.1073e+06,0,0,0,0
32400,1.10618e+06,0,0,0,0
32500,1.10322e+06,0,0,0,0
32600,1.09794e+06,0,0,0,0
32700,1.10028e+06,0,0,0,0
32800,1.10284e+06,0,0,0,0
32900,1.09924e+06,0,0,0,0
33000,1.10428e+06,0,0,0,0
33100,1.10703e+06,0,0,0,0
33200,1.1051e+06,0,0,0,0
33300,1.09613e+06,0,0,0,0
33400,1.0932e+06,0,0,0,0
33500,1.09602e+06,0,0,0,0
33600,1.09854e+06,0,0,0,0
33700,1.1015e+06,0,0,0,0
33800,1.09994e+06,0,0,0,0
33900,1.10422e+06,0,0,0,0
34000,1.0965e+06,0,0,0,0
34100,1.10498e+06,0,0,0,0
34200,1.10142e+06,0,0,0,0
34300,1.10256e+06,0,0,0,0
34400,1.10674e+06,0,0,0,0
34500,1.10816e+06,0,0,0,0
34600,1.10698e+06,0,0,0,0
34700,1.10887e+06,0,0,0,0
34800,1.1092e+06,0,0,0,0
34900,1.10518e+06,0,0,0,0
35000,1.10904e+06,0,0,0,0
35100,1.10096e+06,0,0,0,0
35200,1.10156e+06,0,0,0,0
35300,1.10809e+06,0,0,0,0
35400,1.10441e+06,0,0,0,0
35500,1.1083e+06,0,0,0,0
35600,1.10371e+06,0,0,0,0
35700,1.10363e+06,0,0,0,0
35800,1.10076e+06,0,0,0,0
35900,1.10303e+06,0,0,0,0
36000,1.10484e+06,0,0,0,0
36100,1.10122e+06,0,0,0,0
36200,1.10103e+06,0,0,0,0
36300,1.09754e+06,0,0,0,0
36400,1.10203e+06,0,0,0,0
36500,1.10613e+06,0,0,0,0
36600,1.10234e+06,0,0,0,0
36700,1.10186e+06,0,0,0,0
36800,1.09746e+06,0,0,0,0
36900,1.10309e+06,0,0,0,0
37000,1.10847e+06,0,0,0,0
37100,1.09785e+06,0,0,0,0
37200,1.09174e+06,0,0,0,0
37300,1.09632e+06,0,0,0,0
37400,1.10304e+06,0,0,0,0
37500,1.09756e+06,0,0,0,0
37600,1.09982e+06,0,0,0,0
37700,1.09983e+06,0,0,0,0
37800,1.1033e+06,0,0,0,0
37900,1.10472e+06,0,0,0,0
38000,1.10266e+06,0,0,0,0
38100,1.1038e+06,0,0,0,0
38200,1.10091e+06,0,0,0,0
38300,1.09572e+06,0,0,0,0
38400,1.09666e+06,0,0,0,0
38500,1.10256e+06,0,0,0,0
38600,1.09424e+06,0,0,0,0
38700,1.09436e+06,0,0,0,0
38800,1.10022e+06,0,0,0,0
38900,1.09954e+06,0,0,0,0
39000,1.09814e+06,0,0,0,0
39100,1.09338e+06,0,0,0,0
39200,1.09622e+06,0,0,0,0
39300,1.10455e+06,0,0,0,0
39400,1.10273e+06,0,0,0,0
39500,1.09566e+06,0,0,0,0
39600,1.09558e+06,0,0,0,0
39700,1.10196e+06,0,0,0,0
39800,1.09692e+06,0,0,0,0
39900,1.09532e+06,0,0,0,0
40000,1.09798e+06,0,0,0,0
40100,1.09642e+06,0,0,0,0
40200,1.09816e+06,0,0,0,0
40300,1.09672e+06,0,0,0,0
40400,1.09597e+06,0,0,0,0
40500,1.09858e+06,0,0,0,0
40600,1.09874e+06,0,0,0,0
40700,1.09832e+06,0,0,0,0
40800,1.10257e+06,0,0,0,0
40900,1.09677e+06,0,0,0,0
41000,1.09649e+06,0,0,0,0
41100,1.09453e+06,0,0,0,0
41200,1.09467e+06,0,0,0,0
41300,1.08896e+06,0,0,0,0
41400,1.08952e+06,0,0,0,0
41500,1.08589e+06,0,0,0,0
41600,1.09154e+06,0,0,0,0
41700,1.09504e+06,0,0,0,0
41800,1.09706e+06,0,0,0,0
41900,1.09174e+06,0,0,0,0
42000,1.10234e+06,0,0,0,0
42100,1.09683e+06,0,0,0,0
42200,1.09932e+06,0,0,0,0
42300,1.10033e+06,0,0,0,0
42400,1.09749e+06,0,0,0,0
42500,1.08846e+06,0,0,0,0
42600,1.09291e+06,0,0,0,0
42700,1.09532e+06,0,0,0,0
42800,1.09462e+06,0,0,0,0
42900,1.0975e+06,0,0,0,0
43000,1.09548e+06,0,0,0,0
43100,1.09603e+06,0,0,0,0
43200,1.0985e+06,0,0,0,0
43300,1.09854e+06,0,0,0,0
43400,1.09288e+06,0,0,0,0
43500,1.0975e+06,0,0,0,0
43600,1.09204e+06,0,0,0,0
43700,1.092e+06,0,0,0,0
43800,1.09268e+06,0,0,0,0
43900,1.09463e+06,0,0,0,0
44000,1.09014e+06,0,0,0,0
44100,1.09428e+06,0,0,0,0
44200,1.0925e+06,0,0,0,0
44300,1.09703e+06,0,0,0,0
44400,1.0924e+06,0,0,0,0
44500,1.0941e+06,0,0,0,0
44600,1.09653e+06,0,0,0,0
44700,1.09042e+06,0,0,0,0
44800,1.0902e+06,0,0,0,0
44900,1.08294e+06,0,0,0,0
45000,1.07496e+06,0,0,0,0
45100,1.08585e+06,0,0,0,0
45200,1.08936e+06,0,0,0,0
45300,1.07597e+06,0,0,0,0
45400,1.0597e+06,0,0,0,0
45500,1.06116e+06,0,0,0,0
45600,1.06468e+06,0,0,0,0
45700,1.06555e+06,0,0,0,0
45800,1.05778e+06,0,0,0,0
45900,1.06035e+06,0,0,0,0
46000,1.05367e+06,0,0,0,0
46100,1.07058e+06,0,0,0,0
46200,1.07298e+06,0,0,0,0
46300,1.07344e+06,0,0,0,0
46400,1.06842e+06,0,0,0,0
46500,1.072e+06,0,0,0,0
46600,1.08022e+06,0,0,0,0
46700,1.07889e+06,0,0,0,0
46800,1.08825e+06,0,0,0,0
46900,1.07754e+06,0,0,0,0
47000,1.07637e+06,0,0,0,0
47100,1.06473e+06,0,0,0,0
47200,1.04538e+06,0,0,0,0
47300,1.0441e+06,0,0,0,0
47400,1.03787e+06,0,0,0,0
47500,1.04306e+06,0,0,0,0
47600,1.02656e+06,0,0,0,0
47700,1.01208e+06,0,0,0,0
47800,1.03034e+06,0,0,0,0
47900,1.04618e+06,0,0,0,0
48000,1.06338e+06,0,0,0,0
48100,1.08003e+06,0,0,0,0
48200,1.08733e+06,0,0,0,0
48300,1.0937e+06,0,0,0,0
48400,1.09996e+06,0,0,0,0
48500,1.09718e+06,0,0,0,0
48600,1.10014e+06,0,0,0,0
48700,1.09422e+06,0,0,0,0
48800,1.0914e+06,0,0,0,0
48900,1.08933e+06,0,0,0,0
49000,1.09028e+06,0,0,0,0
49100,1.08986e+06,0,0,0,0
49200,1.0926e+06,0,0,0,0
49300,1.09425e+06,0,0,0,0
49400,1.09218e+06,0,0,0,0
49500,1.09828e+06,0,0,0,0
49600,1.09376e+06,0,0,0,0
49700,1.09728e+06,0,0,0,0
49800,1.09123e+06,0,0,0,0
49900,1.08926e+06,0,0,0,0
50000,1.09182e+06,0,0,0,0
50100,1.09046e+06,0,0,0,0
50200,1.09432e+06,0,0,0,0
50300,1.09691e+06,0,0,0,0
50400,1.09366e+06,0,0,0,0
50500,1.09461e+06,0,0,0,0
50600,1.09072e+06,0,0,0,0
50700,1.08681e+06,0,0,0,0
50800,1.0847e+06,0,0,0,0
50900,1.0925e+06,0,0,0,0
51000,1.08607e+06,0,0,0,0
51100,1.0866e+06,0,0,0,0
51200,1.08634e+06,0,0,0,0
51300,1.09203e+06,0,0,0,0
51400,1.0936e+06,0,0,0,0
51500,1.09446e+06,0,0,0,0
51600,1.0932e+06,0,0,0,0
51700,1.09676e+06,0,0,0,0
51800,1.09464e+06,0,0,0,0
51900,1.09138e+06,0,0,0,0
52000,1.09434e+06,0,0,0,0
52100,1.09388e+06,0,0,0,0
52200,1.09676e+06,0,0,0,0
52300,1.09964e+06,0,0,0,0
52400,1.10498e+06,0,0,0,0
52500,1.10432e+06,0,0,0,0
52600,1.09381e+06,0,0,0,0
52700,1.09765e+06,0,0,0,0
52800,1.09584e+06,0,0,0,0
52900,1.09218e+06,0,0,0,0
53000,1.09133e+06,0,0,0,0
53100,1.09572e+06,0,0,0,0
53200,1.09268e+06,0,0,0,0
53300,1.08827e+06,0,0,0,0
53400,1.09184e+06,0,0,0,0
53500,1.08562e+06,0,0,0,0
53600,1.08554e+06,0,0,0,0
53700,1.08779e+06,0,0,0,0
53800,1.08879e+06,0,0,0,0
53900,1.08666e+06,0,0,0,0
54000,1.08652e+06,0,0,0,0
54100,1.08706e+06,0,0,0,0
54200,1.0855e+06,0,0,0,0
54300,1.08914e+06,0,0,0,0
54400,1.08329e+06,0,0,0,0
54500,1.08068e+06,0,0,0,0
54600,1.08691e+06,0,0,0,0
54700,1.09065e+06,0,0,0,0
54800,1.09274e+06,0,0,0,0
54900,1.08214e+06,0,0,0,0
55000,1.08942e+06,0,0,0,0
55100,1.08324e+06,0,0,0,0
55200,1.08393e+06,0,0,0,0
55300,1.08816e+06,0,0,0,0
55400,1.08738e+06,0,0,0,0
55500,1.07554e+06,0,0,0,0
55600,1.07063e+06,0,0,0,0
55700,1.0704e+06,0,0,0,0
55800,1.07858e+06,0,0,0,0
55900,1.08085e+06,0,0,0,0
56000,1.08848e+06,0,0,0,0
56100,1.08892e+06,0,0,0,0
56200,1.08532e+06,0,0,0,0
56300,1.0902e+06,0,0,0,0
56400,1.097e+06,0,0,0,0
56500,1.09014e+06,0,0,0,0
56600,1.08988e+06,0,0,0,0
56700,1.09703e+06,0,0,0,0
56800,1.09402e+06,0,0,0,0
56900,1.0872e+06,0,0,0,0
57000,1.08802e+06,0,0,0,0
57100,1.08935e+06,0,0,0,0
57200,1.09082e+06,0,0,0,0
57300,1.09302e+06,0,0,0,0
57400,1.09204e+06,0,0,0,0
57500,1.09428e+06,0,0,0,0
57600,1.08842e+06,0,0,0,0
57700,1.0891e+06,0,0,0,0
57800,1.0925e+06,0,0,0,0
57900,1.09771e+06,0,0,0,0
58000,1.09632e+06,0,0,0,0
58100,1.08901e+06,0,0,0,0
58200,1.08989e+06,0,0,0,0
58300,1.09451e+06,0,0,0,0
58400,1.09574e+06,0,0,0,0
58500,1.0955e+06,0,0,0,0
58600,1.08615e+06,0,0,0,0
58700,1.09351e+06,0,0,0,0
58800,1.08914e+06,0,0,0,0
58900,1.09088e+06,0,0,0,0
59000,1.08846e+06,0,0,0,0
59100,1.09074e+06,0,0,0,0
59200,1.09662e+06,0,0,0,0
59300,1.08982e+06,0,0,0,0
59400,1.08939e+06,0,0,0,0
59500,1.08804e+06,0,0,0,0
59600,1.08992e+06,0,0,0,0
59700,1.0908e+06,0,0,0,0
59800,1.10128e+06,0,0,0,0
59900,1.09664e+06,0,0,0,0
60000,1.0947e+06,0,0,0,0
60100,1.09219e+06,0,0,0,0
60200,1.0965e+06,0,0,0,0
60300,1.09586e+06,0,0,0,0
60400,1.09137e+06,0,0,0,0
60500,1.1035e+06,0,0,0,0
60600,1.10076e+06,0,0,0,0
60700,1.0938e+06,0,0,0,0
60800,1.0961e+06,0,0,0,0
60900,1.0989e+06,0,0,0,0
61000,1.10448e+06,0,0,0,0
61100,1.09888e+06,0,0,0,0
61200,1.09843e+06,0,0,0,0
61300,1.09467e+06,0,0,0,0
61400,1.1051e+06,0,0,0,0
61500,1.09778e+06,0,0,0,0
61600,1.09825e+06,0,0,0,0
61700,1.09952e+06,0,0,0,0
61800,1.0925e+06,0,0,0,0
61900,1.09727e+06,0,0,0,0
62000,1.09506e+06,0,0,0,0
62100,1.09227e+06,0,0,0,0
62200,1.09951e+06,0,0,0,0
62300,1.09584e+06,0,0,0,0
62400,1.09502e+06,0,0,0,0
62500,1.08962e+06,0,0,0,0
62600,1.09018e+06,0,0,0,0
62700,1.09364e+06,0,0,0,0
62800,1.10102e+06,0,0,0,0
62900,1.10202e+06,0,0,0,0
63000,1.0996e+06,0,0,0,0
63100,1.099e+06,0,0,0,0
63200,1.09706e+06,0,0,0,0
63300,1.09819e+06,0,0,0,0
63400,1.09703e+06,0,0,0,0
63500,1.0983e+06,0,0,0,0
63600,1.09564e+06,0,0,0,0
63700,1.10111e+06,0,0,0,0
63800,1.10143e+06,0,0,0,0
63900,1.09693e+06,0,0,0,0
64000,1.08843e+06,0,0,0,0
64100,1.0907e+06,0,0,0,0
64200,1.09262e+06,0,0,0,0
64300,1.09926e+06,0,0,0,0
64400,1.10038e+06,0,0,0,0
64500,1.09946e+06,0,0,0,0
64600,1.10016e+06,0,0,0,0
64700,1.09554e+06,0,0,0,0
64800,1.09914e+06,0,0,0,0
64900,1.09438e+06,0,0,0,0
65000,1.09057e+06,0,0,0,0
65100,1.09441e+06,0,0,0,0
65200,1.08636e+06,0,0,0,0
65300,1.09025e+06,0,0,0,0
65400,1.09234e+06,0,0,0,0
65500,1.08922e+06,0,0,0,0
65600,1.08978e+06,0,0,0,0
65700,1.08454e+06,0,0,0,0
65800,1.08322e+06,0,0,0,0
65900,1.0905e+06,0,0,0,0
66000,1.08902e+06,0,0,0,0
66100,1.08929e+06,0,0,0,0
66200,1.08791e+06,0,0,0,0
66300,1.08412e+06,0,0,0,0
66400,1.0872e+06,0,0,0,0
66500,1.0839e+06,0,0,0,0
66600,1.08106e+06,0,0,0,0
66700,1.08268e+06,0,0,0,0
66800,1.08776e+06,0,0,0,0
66900,1.08077e+06,0,0,0,0
67000,1.08215e+06,0,0,0,0
67100,1.0884e+06,0,0,0,0
67200,1.0857e+06,0,0,0,0
67300,1.08279e+06,0,0,0,0
67400,1.08392e+06,0,0,0,0
67500,1.08418e+06,0,0,0,0
67600,1.08655e+06,0,0,0,0
67700,1.09069e+06,0,0,0,0
67800,1.0933e+06,0,0,0,0
67900,1.0883e+06,0,0,0,0
68000,1.0811e+06,0,0,0,0
68100,1.08722e+06,0,0,0,0
68200,1.08714e+06,0,0,0,0
68300,1.08604e+06,0,0,0,0
68400,1.08868e+06,0,0,0,0
68500,1.08116e+06,0,0,0,0
68600,1.07997e+06,0,0,0,0
68700,1.09003e+06,0,0,0,0
68800,1.08748e+06,0,0,0,0
68900,1.0824e+06,0,0,0,0
69000,1.08658e+06,0,0,0,0
69100,1.0838e+06,0,0,0,0
69200,1.0815e+06,0,0,0,0
69300,1.08124e+06,0,0,0,0
69400,1.08708e+06,0,0,0,0
69500,1.09076e+06,0,0,0,0
69600,1.07772e+06,0,0,0,0
69700,1.07773e+06,0,0,0,0
69800,1.08324e+06,0,0,0,0
69900,1.08776e+06,0,0,0,0
70000,1.08496e+06,0,0,0,0
70100,1.07934e+06,0,0,0,0
70200,1.07973e+06,0,0,0,0
70300,1.0777e+06,0,0,0,0
70400,1.08447e+06,0,0,0,0
70500,1.0783e+06,0,0,0,0
70600,1.08034e+06,0,0,0,0
70700,1.07807e+06,0,0,0,0
70800,1.07834e+06,0,0,0,0
70900,1.07922e+06,0,0,0,0
71000,1.07348e+06,0,0,0,0
71100,1.0803e+06,0,0,0,0
71200,1.0766e+06,0,0,0,0
71300,1.07904e+06,0,0,0,0
71400,1.07432e+06,0,0,0,0
71500,1.06608e+06,0,0,0,0
71600,1.08074e+06,0,0,0,0
71700,1.08102e+06,0,0,0,0
71800,1.07978e+06,0,0,0,0
71900,1.07866e+06,0,0,0,0
72000,1.07959e+06,0,0,0,0
72100,1.07352e+06,0,0,0,0
72200,1.07795e+06,0,0,0,0
72300,1.07812e+06,0,0,0,0
72400,1.07822e+06,0,0,0,0
72500,1.0712e+06,0,0,0,0
72600,1.07474e+06,0,0,0,0
72700,1.07165e+06,0,0,0,0
72800,1.07656e+06,0,0,0,0
72900,1.07117e+06,0,0,0,0
73000,1.0599e+06,0,0,0,0
73100,1.07076e+06,0,0,0,0
73200,1.06734e+06,0,0,0,0
73300,1.06698e+06,0,0,0,0
73400,1.072e+06,0,0,0,0
73500,1.07669e+06,0,0,0,0
73600,1.07492e+06,0,0,0,0
73700,1.0789e+06,0,0,0,0
73800,1.07958e+06,0,0,0,0
73900,1.0787e+06,0,0,0,0
74000,1.08118e+06,0,0,0,0
74100,1.08161e+06,0,0,0,0
74200,1.07858e+06,0,0,0,0
74300,1.07735e+06,0,0,0,0
74400,1.0798e+06,0,0,0,0
74500,1.07966e+06,0,0,0,0
74600,1.07504e+06,0,0,0,0
74700,1.07896e+06,0,0,0,0
74800,1.07318e+06,0,0,0,0
74900,1.08282e+06,0,0,0,0
75000,1.07666e+06,0,0,0,0
75100,1.07698e+06,0,0,0,0
75200,1.0769e+06,0,0,0,0
75300,1.07626e+06,0,0,0,0
75400,1.07309e+06,0,0,0,0
75500,1.07978e+06,0,0,0,0
75600,1.07924e+06,0,0,0,0
75700,1.08104e+06,0,0,0,0
75800,1.07905e+06,0,0,0,0
75900,1.08316e+06,0,0,0,0
76000,1.07807e+06,0,0,0,0
76100,1.0805e+06,0,0,0,0
76200,1.07998e+06,0,0,0,0
76300,1.08064e+06,0,0,0,0
76400,1.0716e+06,0,0,0,0
76500,1.07606e+06,0,0,0,0
76600,1.07896e+06,0,0,0,0
76700,1.07383e+06,0,0,0,0
76800,1.07348e+06,0,0,0,0
76900,1.06992e+06,0,0,0,0
77000,1.07272e+06,0,0,0,0
77100,1.0688e+06,0,0,0,0
77200,1.07124e+06,0,0,0,0
77300,1.07492e+06,0,0,0,0
77400,1.07139e+06,0,0,0,0
77500,1.07197e+06,0,0,0,0
77600,1.07145e+06,0,0,0,0
77700,1.07384e+06,0,0,0,0
77800,1.07997e+06,0,0,0,0
77900,1.09142e+06,0,0,0,0
78000,1.09342e+06,0,0,0,0
78100,1.09005e+06,0,0,0,0
78200,1.09493e+06,0,0,0,0
78300,1.092e+06,0,0,0,0
78400,1.09769e+06,0,0,0,0
78500,1.08841e+06,0,0,0,0
78600,1.09355e+06,0,0,0,0
78700,1.10064e+06,0,0,0,0
78800,1.09604e+06,0,0,0,0
78900,1.09317e+06,0,0,0,0
79000,1.09584e+06,0,0,0,0
79100,1.09643e+06,0,0,0,0
79200,1.09237e+06,0,0,0,0
79300,1.09208e+06,0,0,0,0
79400,1.09752e+06,0,0,0,0
79500,1.0985e+06,0,0,0,0
79600,1.09757e+06,0,0,0,0
79700,1.08929e+06,0,0,0,0
79800,1.09473e+06,0,0,0,0
79900,1.09408e+06,0,0,0,0
80000,1.09567e+06,0,0,0,0
80100,1.09229e+06,0,0,0,0
80200,1.09248e+06,0,0,0,0
80300,1.09204e+06,0,0,0,0
80400,1.09526e+06,0,0,0,0
80500,1.09512e+06,0,0,0,0
80600,1.08872e+06,0,0,0,0
80700,1.09608e+06,0,0,0,0
