update,host_task_NOT,sym_task_NOT,host_task_NAND,sym_task_NAND,host_task_AND,sym_task_AND,host_task_ORN,sym_task_ORN,host_task_OR,sym_task_OR,host_task_ANDN,sym_task_ANDN,host_task_NOR,sym_task_NOR,host_task_XOR,sym_task_XOR,host_task_EQU,sym_task_EQU
0,0,0,0,0,0,0,0,0,0,0,0,0,0,0,0,0,0,0
100,1368,19854,0,0,0,0,0,0,0,0,0,0,0,0,0,0,0,0
200,9128,18904,0,1,0,0,0,0,0,0,0,0,0,0,0,0,0,0
300,9099,18734,0,3,0,0,0,0,0,0,0,0,0,0,0,0,0,0
400,8017,18451,0,20,0,0,0,1,0,0,0,0,0,0,0,0,0,0
500,7554,16833,0,45,0,1,0,1,0,0,0,0,0,0,0,0,0,0
600,7860,16202,0,72,0,1,0,1,0,0,0,0,0,0,0,0,0,0
700,8152,84642,0,168,0,2,0,9,0,0,0,0,0,0,0,0,0,0
800,8120,108276,0,1023,0,3,0,15,0,2,0,0,0,0,0,0,0,0
900,7926,105351,0,546,0,0,0,27,0,1,0,2,0,0,0,0,0,0
1000,8027,122761,0,693,0,7,0,40,0,0,0,0,0,0,0,0,0,0
1100,7922,209462,0,798,0,4,0,24,0,0,0,0,0,0,0,0,0,0
1200,8056,222099,0,1798,0,6,0,27,0,1,0,0,0,0,0,0,0,0
1300,8015,221134,0,2280,0,3,0,142,0,2,0,0,0,0,0,0,0,0
1400,7993,220253,0,2007,0,1,0,26,0,1,0,0,0,0,0,0,0,0
1500,7974,219592,0,1333,0,2,0,14,0,3,0,0,0,0,0,0,0,0
1600,8046,220194,0,1657,0,3,0,28,0,2,0,0,0,0,0,0,0,0
1700,8013,216418,0,4520,0,17,0,32,0,3,0,0,0,0,0,0,0,0
1800,8040,216179,0,4680,0,0,0,13,0,2,0,0,0,0,0,0,0,0
1900,7955,220173,0,1021,0,0,0,7,0,0,0,0,0,0,0,0,0,0
2000,8027,220125,0,1106,0,2,0,10,0,2,0,0,0,0,0,0,0,0
2100,8006,216460,0,2825,0,8,0,9,0,1,0,0,0,0,0,0,0,0
2200,7988,216869,0,2395,0,24,0,42,0,2,0,1,0,0,0,0,0,0
2300,8002,217876,0,1443,0,7,0,14,0,2,0,0,0,0,0,0,0,0
2400,7984,219534,0,194,0,2,0,2,0,1,0,0,0,0,0,0,0,0
2500,7706,219520,0,484,0,0,0,11,0,0,0,0,0,0,0,0,0,0
2600,7013,217794,0,1825,0,1,0,12,0,0,0,0,0,0,0,0,0,0
2700,6757,218072,0,1617,0,0,0,7,0,1,0,0,0,1,0,0,0,0
2800,6991,220090,0,732,0,0,0,5,0,0,0,0,0,0,0,0,0,0
2900,7200,219678,0,788,0,1,0,4,0,1,0,0,0,0,0,0,0,0
3000,7208,220693,0,877,0,0,0,2,0,1,0,0,0,0,0,0,0,0
3100,7337,220772,0,236,0,0,0,27,0,0,0,0,0,0,0,0,0,0
3200,7315,221470,0,117,0,3,0,4,0,2,0,0,0,0,0,0,0,0
3300,7237,220750,0,212,0,2,0,8,0,0,0,0,0,0,0,0,0,0
3400,7321,221660,0,207,0,0,0,19,0,1,0,0,0,0,0,0,0,0
3500,7288,222251,0,180,0,3,0,17,0,1,0,0,0,0,0,0,0,0
3600,7262,222515,0,92,0,0,0,29,0,2,0,0,0,0,0,0,0,0
3700,7245,222099,0,160,0,0,0,4,0,1,0,0,0,0,0,0,0,0
3800,7259,221799,0,187,0,0,1,6,0,2,0,0,0,0,0,0,0,0
3900,7352,221707,0,498,0,0,0,4,0,4,0,0,0,0,0,0,0,0
4000,7272,223770,1,178,0,1,0,11,0,0,0,0,0,0,0,0,0,0
4100,7261,220748,0,1273,0,0,1,2,0,1,0,0,0,0,0,0,0,0
4200,7271,219202,0,586,0,8,0,7,0,2,0,0,0,0,0,0,0,0
4300,7271,219144,0,1841,0,0,0,5,0,1,0,0,0,0,0,0,0,0
4400,7288,221146,1,678,0,7,0,3,0,0,0,0,0,0,0,0,0,0
4500,7294,220836,0,185,0,1,0,11,1,1,0,0,0,0,0,0,0,0
4600,7266,220344,0,195,0,0,0,12,2,0,0,0,0,0,0,0,0,0
4700,7301,220215,0,446,2,0,0,8,0,2,0,0,0,0,0,0,0,0
4800,7300,218600,0,1459,0,0,0,1,0,3,0,0,0,0,0,0,0,0
4900,7215,219453,0,1278,0,0,0,3,0,3,0,0,0,0,0,0,0,0
5000,7173,219059,0,754,0,1,0,3,0,1,0,0,0,0,0,0,0,0
5100,6999,218232,0,1465,0,1,0,2,0,3,0,0,0,0,0,0,0,0
5200,6657,219892,0,293,0,0,0,2,0,1,0,0,0,0,0,0,0,0
5300,6601,219650,0,314,0,0,0,3,0,2,0,0,0,0,0,0,0,0
5400,6607,220940,0,139,0,0,0,5,1,0,0,0,0,0,0,0,0,0
5500,6851,221351,0,243,0,0,0,3,0,0,0,0,0,0,0,0,0,0
5600,6891,221311,0,263,0,2,0,3,0,2,0,0,0,0,0,0,0,0
5700,6924,222461,0,87,0,0,0,5,0,0,0,0,0,0,0,0,0,0
5800,6930,222158,0,47,0,0,0,0,0,0,0,0,0,0,0,0,0,0
5900,7011,222290,0,76,0,0,1,5,0,1,0,0,0,0,0,0,0,0
6000,6908,221498,0,112,0,0,2,5,1,0,0,0,0,0,0,0,0,0
6100,6950,221082,0,69,0,0,0,3,1,1,0,0,0,0,0,0,0,0
6200,6921,220374,0,172,0,0,0,0,0,3,0,0,0,0,0,0,0,0
6300,6930,220692,1,107,0,1,0,4,1,1,0,0,0,0,0,0,0,0
6400,6972,220097,0,215,0,2,0,3,0,2,0,0,0,0,0,0,0,0
6500,6985,220583,0,204,0,0,0,4,0,1,0,0,0,0,0,0,0,0
6600,6926,220559,0,160,0,0,0,0,0,0,0,0,0,0,0,0,0,0
6700,6943,220902,0,205,0,0,0,1,0,4,0,0,0,0,0,0,0,0
6800,6998,220792,1,204,0,1,0,2,0,3,0,0,0,0,0,0,0,0
6900,6971,220482,0,226,0,0,0,5,0,2,0,0,0,0,0,0,0,0
7000,6907,220190,0,397,0,0,0,2,0,3,0,0,0,0,0,0,0,0
7100,6970,219929,1,303,0,0,0,2,0,0,0,0,0,0,0,0,0,0
7200,6928,219505,0,543,0,1,0,5,0,0,0,0,0,0,0,0,0,0
7300,6982,219661,0,416,0,2,0,45,0,1,0,0,0,0,0,0,0,0
7400,6923,220772,1,624,0,0,1,45,0,0,0,0,0,0,0,0,0,0
7500,6903,219469,0,676,0,1,2,4,0,1,0,0,0,0,0,0,0,0
7600,6841,219026,1,1160,0,0,1,6,0,2,0,0,0,0,0,0,0,0
7700,6675,217967,0,1508,0,1,2,6,0,0,0,0,0,0,0,0,0,0
7800,6450,218507,0,490,0,0,0,2,1,3,0,0,0,0,0,0,0,0
7900,6418,218824,0,437,0,1,0,0,1,1,0,0,0,0,0,0,0,0
8000,6497,219742,0,254,0,0,0,3,0,5,0,0,0,0,0,0,0,0
8100,6618,219996,0,284,0,0,0,2,0,0,0,0,0,0,0,0,0,0
8200,6675,219808,0,255,0,1,0,3,0,6,0,0,0,0,0,0,0,0
8300,6663,218748,0,350,0,0,1,5,0,1,0,0,0,0,0,0,0,0
8400,6796,218998,0,334,0,0,0,2,0,1,0,0,0,0,0,0,0,0
8500,6716,221379,0,406,0,1,0,1,0,1,0,0,0,0,0,0,0,0
8600,6828,221369,0,309,0,2,0,4,0,1,0,0,0,0,0,0,0,0
8700,6748,221686,1,255,0,0,0,7,0,0,0,0,0,0,0,0,0,0
8800,6777,220944,1,277,0,0,1,2,0,0,1,0,0,0,0,0,0,0
8900,6801,220739,1,228,0,0,0,2,0,2,1,0,0,0,0,0,0,0
9000,6739,219981,0,169,0,0,0,48,1,2,0,0,0,0,0,0,0,0
9100,6774,220318,0,149,0,0,1,8,1,1,0,0,0,0,0,0,0,0
9200,6729,220777,0,168,0,0,0,9,1,0,0,0,0,0,0,0,0,0
9300,6786,220614,0,131,0,0,0,4,0,1,0,0,0,0,0,0,0,0
9400,6749,220571,1,205,0,1,0,3,0,1,0,0,0,0,0,0,0,0
9500,6723,220298,0,331,0,0,1,3,0,3,0,0,0,0,0,0,0,0
9600,6816,220441,0,162,0,0,1,0,0,0,0,0,0,0,0,0,0,0
9700,6791,220420,2,307,0,0,2,8,0,1,0,0,0,0,0,0,0,0
9800,6772,219175,0,195,0,1,0,2,0,4,0,0,0,0,0,0,0,0
9900,6698,219945,1,179,0,0,2,3,0,0,0,0,0,0,0,0,0,0
10000,6717,220097,0,115,0,0,0,4,0,2,0,0,0,0,0,0,0,0
10100,6724,220217,0,89,0,0,0,1,0,0,0,0,0,0,0,0,0,0
10200,6726,219553,0,223,0,1,0,3,1,4,0,0,0,0,0,0,0,0
10300,6492,219521,0,132,0,0,0,1,2,0,0,0,0,0,0,0,0,0
10400,6334,218530,0,258,0,0,0,5,1,4,0,0,0,0,0,0,0,0
10500,6407,218599,1,179,0,0,0,11,1,0,0,0,0,0,0,0,0,0
10600,6431,218921,0,141,0,3,2,5,0,4,0,0,0,0,0,0,0,0
10700,6467,219293,1,239,0,0,0,55,1,1,0,0,0,0,0,0,0,0
10800,6566,219040,0,270,0,2,0,2,1,1,0,0,0,0,0,0,0,0
10900,6621,220054,2,317,0,0,0,5,0,2,0,0,0,0,0,0,0,0
11000,6673,220543,1,379,0,0,0,8,0,0,0,1,0,1,0,0,0,0
11100,6773,219599,0,397,0,8,0,11,0,6,0,0,0,0,0,0,0,0
11200,6681,219381,0,439,0,0,1,1,0,1,0,0,0,0,0,0,0,0
11300,6668,220066,0,394,0,3,0,6,0,3,0,0,0,0,0,0,0,0
11400,6780,219769,0,414,0,1,0,0,0,0,0,0,0,0,0,0,0,0
11500,6681,219665,0,269,0,5,0,2,0,3,0,0,0,0,0,0,0,0
11600,6728,220264,0,252,0,0,0,9,0,0,0,0,0,0,0,0,0,0
11700,6773,220414,0,414,0,1,0,7,0,1,0,0,0,0,0,0,0,0
11800,6670,220478,0,360,0,0,1,2,0,1,0,0,0,0,0,0,0,0
11900,6703,220000,0,348,1,0,0,2,0,1,0,0,0,0,0,0,0,0
12000,6702,219696,0,295,0,9,0,12,3,3,0,0,0,0,0,0,0,0
12100,6722,220462,0,412,0,4,0,11,2,0,0,0,0,0,0,0,0,0
12200,6690,221287,1,312,0,2,0,4,2,3,0,0,0,0,0,0,0,0
12300,6771,220182,0,347,0,0,0,5,1,3,0,0,0,0,0,0,0,0
12400,6678,220621,0,345,0,0,1,1,0,1,0,0,0,0,0,0,0,0
12500,6667,221051,0,309,0,0,0,0,0,2,0,0,0,0,0,0,0,0
12600,6671,219173,0,538,0,0,2,3,0,0,0,0,0,0,0,0,0,0
12700,6671,218295,0,504,0,0,0,5,0,0,0,0,0,0,0,0,0,0
12800,6554,219601,0,488,0,0,1,5,0,1,0,1,0,0,0,0,0,0
12900,6433,217940,1,430,0,0,1,3,0,0,0,0,0,0,0,0,0,0
13000,6432,220566,1,506,0,0,1,2,1,0,0,0,0,0,0,0,0,0
13100,6390,218883,1,473,0,2,0,3,0,1,0,0,0,0,0,0,0,0
13200,6440,219525,1,560,0,0,0,3,0,0,0,0,0,0,0,0,0,0
13300,6462,217989,0,564,0,0,0,5,0,0,0,0,0,0,0,0,0,0
13400,6545,219833,1,487,0,0,0,2,0,1,0,0,0,0,0,0,0,0
13500,6615,220224,0,446,0,0,0,2,0,1,0,0,0,0,0,0,0,0
13600,6591,220059,1,506,0,0,0,2,1,0,0,1,0,0,0,0,0,0
13700,6696,221073,0,542,0,1,0,6,0,2,0,0,0,1,0,0,0,0
13800,6702,219458,0,716,0,0,0,3,0,2,0,0,0,0,0,0,0,0
13900,6678,219966,1,708,0,0,1,1,1,1,0,0,0,0,0,0,0,0
14000,6586,218889,2,759,0,18,0,6,1,1,0,0,0,0,0,0,0,0
14100,6749,222466,4,744,0,0,1,6,0,3,0,1,0,0,0,0,0,0
14200,6722,218202,0,1001,0,1,0,41,0,1,0,0,0,0,0,0,0,0
14300,6624,218179,1,856,0,0,0,20,0,2,0,0,0,0,0,0,0,0
14400,6696,218959,1,903,0,0,0,13,0,1,0,0,0,0,0,0,0,0
14500,6666,219691,1,911,0,0,1,8,0,0,0,0,0,0,0,0,0,0
14600,6719,218563,2,1031,0,3,0,3,0,2,0,0,0,0,0,0,0,0
14700,6648,219396,0,955,0,0,0,11,0,2,0,0,0,0,0,0,0,0
14800,6696,218189,0,924,0,0,0,1,0,2,0,0,0,0,0,0,0,0
14900,6650,219519,1,1099,0,0,0,2,0,4,0,0,0,0,0,0,0,0
15000,6644,218000,0,995,0,0,1,2,1,1,0,0,0,0,0,0,0,0
15100,6691,217474,0,982,0,0,0,12,1,1,0,0,0,0,0,0,0,0
15200,6624,217695,0,1015,0,0,0,2,0,4,0,0,0,0,0,0,0,0
15300,6668,218008,0,931,0,0,0,1,0,0,0,0,0,0,0,0,0,0
15400,6588,218119,0,711,0,4,0,0,1,0,0,0,0,0,0,0,0,0
15500,6491,220443,0,406,0,9,0,1,1,1,0,0,0,0,0,0,0,0
15600,6395,220356,1,483,1,0,1,2,0,0,0,0,0,0,0,0,0,0
15700,6296,220512,1,440,0,4,0,6,0,0,0,0,0,0,0,0,0,0
15800,6433,218970,0,364,0,0,0,6,0,1,1,0,0,0,0,0,0,0
15900,6411,220587,0,471,0,1,0,1,0,0,1,0,0,0,0,0,0,0
16000,6471,220688,0,336,0,0,0,3,0,1,0,0,0,0,0,0,0,0
16100,6520,220063,0,453,1,0,0,2,0,5,0,0,0,0,0,0,0,0
16200,6568,220578,1,535,0,0,0,0,0,1,0,0,0,0,0,0,0,0
16300,6596,218266,4,539,0,0,0,18,0,0,0,0,0,0,0,0,0,0
16400,6673,220708,3,510,0,0,4,8,0,1,0,0,0,0,0,0,0,0
16500,6646,219485,1,425,0,3,0,3,0,1,0,0,0,0,0,0,0,0
16600,6663,220854,0,312,0,0,1,4,1,3,0,0,0,0,0,0,0,0
16700,6641,220339,4,230,0,0,0,3,1,0,0,0,0,0,0,0,0,0
16800,6611,221197,4,126,0,1,0,3,0,0,0,0,0,0,0,0,0,0
16900,6597,220867,1,80,0,0,2,4,1,0,0,0,0,0,0,0,0,0
17000,6677,221512,2,152,0,0,2,1,2,2,0,0,0,0,0,0,0,0
17100,6695,219671,2,112,0,0,0,2,1,1,0,0,0,0,0,0,0,0
17200,6564,217856,1,170,0,1,1,9,0,3,0,0,0,0,0,0,0,0
17300,6618,218202,2,94,0,0,0,3,0,0,0,0,0,0,0,0,0,0
17400,6642,217101,1,70,0,0,1,3,2,3,0,0,0,0,0,0,0,0
17500,6693,217366,0,116,0,15,0,5,1,1,0,0,0,0,0,0,0,0
17600,6589,216945,3,141,0,2,1,1,1,0,0,1,0,0,0,0,0,0
17700,6644,219708,2,166,0,0,0,5,1,3,0,0,0,0,0,0,0,0
17800,6636,218715,1,156,0,1,0,3,0,2,0,0,0,0,0,0,0,0
17900,6530,218858,1,143,0,0,0,1,2,2,0,0,0,0,0,0,0,0
18000,6504,219834,0,156,0,0,0,6,1,0,0,0,0,0,0,0,0,1
18100,6455,219192,1,237,0,2,0,1,0,1,0,0,0,0,0,0,0,0
18200,6369,220147,1,201,0,2,0,6,1,1,0,0,0,0,0,0,0,0
18300,6366,217331,1,133,0,1,0,7,1,1,0,0,0,0,0,0,0,0
18400,6418,218436,3,160,0,1,0,2,2,1,0,0,0,0,0,0,0,0
18500,6358,219260,2,152,0,1,0,8,0,0,0,0,0,0,0,0,0,0
18600,6392,219439,0,126,0,1,1,20,0,3,0,0,0,0,0,0,0,0
18700,6474,219742,2,259,0,0,0,12,0,1,0,0,0,0,0,0,0,0
18800,6541,219995,2,174,0,0,0,6,0,3,0,0,0,0,0,0,0,0
18900,6575,220610,1,108,0,3,0,8,1,4,0,0,0,0,0,0,0,0
19000,6582,220173,6,135,0,1,1,4,1,0,0,0,0,0,0,0,0,0
19100,6557,220707,4,203,0,0,2,6,1,3,0,0,0,0,0,0,0,0
19200,6527,220528,3,147,0,1,1,0,1,3,0,0,0,0,0,0,0,0
19300,6593,220781,5,72,0,0,0,0,1,1,0,0,0,0,0,0,0,0
19400,6619,219410,1,73,0,1,0,4,0,1,0,0,0,0,0,0,0,0
19500,6584,220514,2,49,0,1,0,3,0,1,0,0,0,0,0,0,0,0
19600,6616,219608,3,68,0,0,0,5,2,1,0,0,0,0,0,0,0,0
19700,6533,219339,2,55,0,3,0,6,0,0,0,0,0,0,0,0,0,0
19800,6601,219821,3,74,0,0,0,2,0,1,0,0,0,0,0,0,0,0
19900,6598,218646,3,95,0,1,1,1,1,1,0,0,0,0,0,0,0,0
20000,6647,218000,5,131,0,0,0,6,2,4,0,0,0,0,0,0,0,0
20100,6538,216582,3,116,0,0,1,2,3,1,0,0,0,0,0,0,0,0
20200,6513,219295,1,124,0,0,0,4,0,2,0,0,0,0,0,0,0,0
20300,6617,220535,3,80,0,0,0,0,0,0,0,0,0,0,0,0,0,0
20400,6520,221081,6,90,0,2,2,1,0,3,0,0,0,0,0,0,0,0
20500,6557,221500,4,81,0,0,1,1,2,1,0,0,0,0,0,0,0,0
20600,6490,221241,3,67,0,1,0,4,0,0,0,0,0,0,0,0,0,0
20700,6376,220971,4,66,0,0,1,2,2,1,0,0,0,0,0,0,0,0
20800,6360,221878,5,126,0,1,0,8,0,0,0,0,0,0,0,0,0,0
20900,6352,221553,6,137,0,0,2,2,1,3,0,0,0,0,0,0,0,0
21000,6381,221079,10,134,0,0,0,7,0,3,0,0,0,0,0,0,0,0
21100,6387,220952,7,107,0,0,2,0,0,1,0,0,0,0,0,0,0,0
21200,6417,221829,6,103,0,1,1,0,0,2,0,0,0,0,0,0,0,0
21300,6579,221989,7,83,0,0,2,3,0,2,0,0,0,0,0,0,0,0
21400,6457,221397,6,82,0,4,0,3,1,1,0,0,0,0,0,0,0,0
21500,6493,218791,8,97,0,0,2,34,0,2,0,0,0,0,0,0,0,0
21600,6568,219892,9,117,0,1,2,3,0,0,0,0,0,0,0,0,0,0
21700,6677,219976,8,99,0,1,1,10,0,2,0,0,0,0,0,0,0,0
21800,6566,220965,9,159,0,1,2,1,0,0,0,0,0,0,0,0,0,0
21900,6616,221716,11,159,0,2,1,2,0,1,0,1,0,0,0,0,0,0
22000,6532,220752,11,196,0,2,0,1,3,0,0,0,0,0,0,0,0,0
22100,6697,220210,8,266,0,2,1,1,2,2,0,0,0,0,0,0,0,0
22200,6575,219796,7,246,0,3,3,1,0,0,0,0,0,0,0,0,0,0
22300,6582,220010,5,254,0,0,0,5,1,0,0,0,0,0,0,0,0,0
22400,6599,220816,3,250,0,1,1,5,2,1,0,0,0,0,0,0,0,0
22500,6642,220172,4,334,0,2,0,5,0,3,0,0,0,0,0,0,0,0
22600,6633,220178,5,405,0,0,1,2,0,1,0,0,0,0,0,0,0,0
22700,6564,219671,5,450,0,0,1,3,1,0,0,0,0,0,0,0,0,0
22800,6547,219916,4,406,0,1,1,13,0,0,0,0,0,0,0,0,0,0
22900,6667,219083,4,488,0,0,2,15,0,0,0,0,0,0,0,0,0,0
23000,6564,217641,5,584,0,0,0,3,0,1,0,0,0,0,0,0,0,0
23100,6565,219064,7,629,0,0,0,4,0,0,0,0,0,0,0,0,0,0
23200,6480,220253,8,691,0,1,1,0,1,1,1,1,0,0,0,0,0,0
23300,6401,220000,6,848,0,0,2,0,1,1,0,1,0,0,0,0,0,0
23400,6442,219903,4,721,0,0,0,0,0,3,1,0,0,0,0,0,0,0
23500,6350,219130,3,813,0,1,1,0,3,2,0,0,0,0,0,0,0,0
23600,6354,219592,4,709,0,0,0,4,0,4,0,0,0,0,0,0,0,0
23700,6422,219118,2,630,0,0,0,5,1,1,0,0,0,0,0,0,0,0
23800,6528,218866,2,619,0,1,0,6,1,0,0,0,0,0,0,0,0,0
23900,6405,219142,3,662,0,4,0,6,0,0,0,0,0,0,0,0,0,0
24000,6647,218166,3,628,0,0,0,8,0,1,0,0,0,0,0,0,0,0
24100,6524,218609,2,686,0,0,0,8,0,1,0,0,0,0,0,0,0,0
24200,6568,220036,3,802,0,0,1,5,1,0,0,0,0,0,0,0,0,0
24300,6560,220690,3,764,0,0,0,7,1,1,0,0,0,0,0,0,0,0
24400,6648,219432,4,838,0,0,0,18,2,2,0,0,0,0,0,0,0,0
24500,6567,219566,3,596,0,2,0,8,0,2,0,0,0,0,0,0,0,0
24600,6627,219386,2,742,0,0,1,13,2,2,0,0,0,0,0,0,0,0
24700,6650,219590,2,713,0,1,1,4,0,1,1,0,0,0,0,0,0,0
24800,6612,221224,1,646,0,2,2,10,1,2,0,0,0,0,0,0,0,0
24900,6573,220575,2,707,0,0,0,7,1,0,0,0,0,0,0,0,0,0
25000,6595,219381,3,719,0,1,1,8,1,1,0,0,0,0,0,0,0,0
25100,6650,219043,2,843,0,0,0,5,0,1,0,0,0,1,0,0,0,0
25200,6584,220237,3,691,1,3,0,4,0,2,0,0,0,0,0,0,0,0
25300,6602,220266,2,679,0,0,1,8,0,2,0,0,0,1,0,0,0,0
25400,6545,219795,2,836,0,0,0,8,0,1,0,0,0,0,0,0,0,0
25500,6580,220589,4,827,0,0,0,5,0,1,0,0,0,0,0,0,0,0
25600,6569,218895,1,790,0,2,0,3,1,1,0,0,0,0,0,0,0,0
25700,6585,219118,3,676,0,1,0,1,0,2,0,0,0,0,0,0,0,0
25800,6495,218791,4,916,0,0,2,3,1,3,0,0,0,0,0,0,0,0
25900,6481,219118,3,942,0,0,2,2,1,3,0,0,0,0,0,0,0,0
26000,6416,218941,2,773,0,0,0,9,0,0,0,0,0,0,0,0,0,0
26100,6391,218312,2,850,0,0,1,1,1,0,0,1,1,0,0,0,0,0
26200,6306,219375,1,875,0,0,1,3,2,0,0,0,0,0,0,0,0,0
26300,6408,218010,1,805,0,0,0,4,1,0,0,0,0,0,0,0,0,0
26400,6432,218245,2,967,0,0,0,1,1,1,0,0,0,0,0,0,0,0
26500,6457,219347,1,1010,0,0,1,0,0,1,0,0,0,0,0,0,0,0
26600,6480,218875,2,1096,0,1,1,2,1,0,0,0,0,0,0,0,0,0
26700,6577,217954,2,1113,0,0,0,0,0,0,0,0,0,0,0,0,0,0
26800,6529,218189,1,1150,0,0,1,21,1,0,0,0,0,0,0,0,0,0
26900,6572,218396,3,1196,0,1,2,2,0,0,0,0,0,0,0,0,0,0
27000,6574,219567,3,1203,1,0,2,0,1,2,0,0,0,0,0,0,0,0
27100,6641,218574,2,1425,0,1,1,1,0,0,0,1,0,0,0,0,0,0
27200,6588,218295,2,1336,0,3,1,1,0,1,0,0,0,1,0,0,0,0
27300,6552,218183,2,1283,0,0,0,5,0,0,0,0,0,0,0,0,0,0
27400,6650,217288,2,1128,0,0,1,5,2,1,0,0,0,0,0,0,0,0
27500,6596,218573,3,1232,0,0,1,6,2,2,0,0,0,0,0,0,0,0
27600,6587,217814,1,1143,0,0,0,3,1,1,0,0,0,0,0,0,0,0
27700,6605,216520,2,1328,0,0,1,1,2,0,0,0,0,0,0,0,0,0
27800,6622,217835,2,1215,0,0,0,5,1,1,0,0,0,0,0,0,0,0
27900,6610,217263,2,1211,0,3,0,1,1,1,0,0,0,0,0,0,0,0
28000,6539,217887,2,1546,1,1,0,4,0,2,0,0,0,0,0,0,0,0
28100,6566,219356,2,1385,0,0,1,3,0,0,0,0,0,0,0,0,0,0
28200,6521,217290,2,1398,0,0,3,8,1,2,0,0,0,0,0,0,0,0
28300,6583,216956,1,1482,0,0,0,19,2,0,0,0,0,0,0,0,0,0
28400,6487,216568,3,1622,0,0,0,13,0,0,0,0,0,0,0,0,0,0
28500,6442,217387,3,1582,0,0,0,2,0,0,0,0,0,0,0,0,0,0
28600,6456,217524,3,1425,0,0,0,9,1,0,0,0,0,0,0,0,0,0
28700,6413,218894,4,1385,0,0,0,2,0,2,0,0,0,0,0,0,0,0
28800,6325,218244,2,1464,0,1,0,1,0,0,0,0,0,0,0,0,0,0
28900,6409,217895,2,1592,0,0,0,7,0,0,0,0,0,0,0,0,0,0
29000,6408,218341,1,1331,0,0,0,1,1,1,0,0,0,0,0,0,0,0
29100,6467,216884,4,1468,0,0,1,2,1,0,0,0,0,0,0,0,0,0
29200,6475,217201,2,1600,0,2,0,2,1,1,0,0,0,0,0,0,0,0
29300,6498,219044,3,1349,0,0,0,1,1,2,0,0,0,0,0,0,0,0
29400,6582,218726,2,1320,0,1,1,1,0,1,0,1,0,0,0,0,0,0
29500,6510,219962,1,1428,0,0,1,3,0,0,0,0,0,0,0,0,0,0
29600,6578,218516,4,1541,0,0,0,3,2,2,1,0,0,0,0,0,0,0
29700,6570,217691,2,1640,0,0,0,2,1,1,0,0,0,0,0,0,0,0
29800,6543,218268,1,1400,0,0,0,0,1,2,0,0,0,0,0,0,0,0
29900,6570,218501,2,1456,0,0,1,1,0,2,0,0,0,0,0,0,0,0
30000,6550,218058,3,1475,0,2,1,1,0,0,0,0,0,0,0,0,0,0
30100,6521,218569,3,1515,0,0,1,1,2,0,0,0,0,0,0,0,0,0
30200,6589,217875,1,1665,0,0,1,3,0,3,0,0,0,0,0,0,0,0
30300,6558,218518,2,1608,0,3,1,2,0,0,0,0,0,0,0,0,0,0
30400,6639,216934,1,1530,0,0,3,4,0,0,0,0,0,0,0,0,0,0
30500,6516,215957,2,1468,0,1,0,4,0,0,0,0,0,0,0,0,0,0
30600,6495,215808,4,1553,0,1,1,0,0,1,0,0,0,0,0,0,0,0
30700,6576,217153,3,1533,0,1,0,1,0,1,0,0,0,0,0,0,0,0
30800,6524,217527,3,1621,0,0,0,0,0,0,0,0,0,0,0,0,0,0
30900,6477,218123,2,1524,0,0,0,6,0,1,0,0,0,0,0,0,0,0
31000,6550,217144,2,1595,0,0,0,7,1,2,0,0,0,0,0,0,0,0
31100,6481,216975,2,1424,0,0,0,2,0,1,0,0,0,0,0,0,0,0
31200,6404,217606,3,1384,0,0,3,3,3,2,0,0,0,0,0,0,0,0
31300,6376,216605,2,1395,0,1,2,3,0,2,0,0,0,0,0,0,0,0
31400,6407,216189,1,1160,0,2,1,6,2,0,0,0,0,0,0,0,0,0
31500,6373,216352,2,1454,0,2,0,2,3,1,0,0,0,0,0,0,0,0
31600,6408,216301,3,1502,0,0,0,1,0,0,0,0,0,0,0,0,0,0
31700,6478,216333,3,1475,0,1,0,5,1,1,0,0,0,0,0,0,0,0
31800,6407,218515,4,1398,0,2,0,4,0,0,0,1,0,0,0,0,0,0
31900,6598,217011,3,1459,0,1,0,0,2,1,0,0,0,0,0,0,0,0
32000,6535,217537,1,1503,0,0,0,3,1,0,0,0,0,0,0,0,0,0
32100,6511,217066,2,1553,0,0,0,7,0,0,0,0,0,0,0,0,0,0
32200,6567,217503,1,1479,0,1,1,4,0,0,0,0,0,0,0,0,0,0
32300,6565,218063,1,1424,0,1,1,7,0,0,0,0,0,0,0,0,0,0
32400,6608,217590,1,1529,0,0,0,3,0,1,0,0,0,0,0,0,0,0
32500,6513,218159,1,1692,0,1,1,7,0,1,0,0,0,0,0,0,0,0
32600,6629,218613,2,1405,0,0,1,33,1,0,0,0,0,0,0,0,0,0
32700,6567,217456,3,1455,1,0,2,24,1,9,0,0,0,0,0,0,0,0
32800,6612,217101,1,1538,0,2,1,5,0,3,0,0,0,0,0,0,0,0
32900,6560,218578,1,1434,0,0,1,3,0,0,1,0,0,0,0,0,0,0
33000,6592,218868,3,1601,0,0,1,4,0,3,0,0,0,0,0,0,0,0
33100,6551,217541,2,1600,0,0,0,5,0,0,0,0,0,0,0,0,0,0
33200,6608,218087,2,1595,0,1,0,9,1,0,0,0,0,0,0,0,0,0
33300,6589,217716,2,1632,0,0,0,2,0,1,0,0,0,0,0,0,0,0
33400,6521,217602,1,1645,1,0,0,14,0,0,0,0,0,0,0,0,0,0
33500,6539,216322,1,1563,0,2,0,22,0,1,0,0,0,0,0,0,0,0
33600,6526,216412,1,1655,1,0,0,1,2,1,0,0,0,0,0,0,0,0
33700,6478,217094,1,1555,1,0,0,4,3,0,0,0,0,0,0,0,0,0
33800,6461,217111,2,1622,0,2,0,0,0,0,0,0,0,0,0,0,0,0
33900,6383,217155,1,1713,0,1,0,3,0,2,0,1,0,0,0,0,0,0
34000,6503,216208,1,1709,0,1,0,1,0,1,0,0,0,0,0,0,0,0
34100,6399,216574,2,1566,0,3,0,5,0,1,0,0,0,0,0,0,0,0
34200,6459,216407,2,1579,0,0,0,0,0,0,0,0,0,0,0,0,0,0
34300,6510,217605,4,1469,0,0,0,5,0,2,0,0,0,0,0,0,0,0
34400,6464,218076,2,1704,0,0,1,2,0,4,0,0,0,0,0,0,0,0
34500,6530,218515,1,1586,0,0,1,2,0,2,0,0,0,0,0,0,0,0
34600,6573,218215,4,1424,0,1,0,1,0,0,0,0,0,0,0,0,0,0
34700,6565,217076,1,1755,0,0,0,1,1,1,0,0,0,0,0,0,0,0
34800,6690,218674,3,1587,1,0,1,3,0,5,0,0,0,0,0,0,0,0
34900,6536,220118,1,1647,0,0,0,0,0,0,0,0,0,0,0,0,0,0
35000,6583,219797,3,1454,1,0,0,6,0,1,0,0,0,0,0,0,0,0
35100,6653,218486,1,1481,0,1,0,4,0,2,0,0,0,0,0,0,0,0
35200,6638,218332,2,1489,0,1,1,2,1,0,0,0,0,0,0,0,0,0
35300,6642,217893,4,1519,0,1,0,3,1,1,0,0,0,0,0,0,0,0
35400,6573,218838,4,1453,0,1,0,2,0,1,0,0,1,0,0,0,0,0
35500,6597,218614,4,1571,0,0,0,1,1,3,0,0,0,0,0,0,0,0
35600,6613,217522,3,1528,0,1,0,0,1,1,0,0,0,0,0,0,0,0
35700,6627,217017,2,1431,0,0,3,1,0,1,0,0,0,0,0,0,0,0
35800,6644,217608,3,1450,0,0,0,2,1,1,0,0,0,0,0,0,0,0
35900,6594,216823,4,1721,0,2,2,8,1,0,0,0,0,0,0,0,0,0
36000,6573,217733,4,1530,0,3,2,3,1,0,0,0,0,0,0,0,0,0
36100,6593,217853,1,1332,0,0,0,15,1,0,0,0,0,0,0,0,0,0
36200,6567,219082,2,1402,0,0,0,4,0,2,0,0,0,0,0,0,0,0
36300,6525,219172,1,1449,1,1,0,4,1,0,0,1,0,0,0,0,0,0
36400,6496,218977,1,1457,0,0,1,9,1,1,0,0,0,0,0,0,0,0
36500,6486,217523,0,1620,0,0,0,2,0,3,0,0,0,0,0,0,0,0
36600,6555,217263,0,1768,0,0,0,5,1,0,0,0,0,1,0,0,0,0
36700,6492,216749,0,1949,0,0,0,2,0,1,0,0,0,0,0,0,0,0
36800,6484,217211,2,1568,0,0,0,5,1,0,0,0,0,0,0,0,0,0
36900,6549,218641,2,1471,0,0,1,0,0,0,0,0,0,0,0,0,0,0
37000,6456,217003,1,1551,0,1,0,20,0,0,0,0,0,0,0,0,0,0
37100,6682,216722,2,1541,0,0,0,4,1,1,0,0,0,0,0,0,0,0
37200,6588,217263,3,1693,0,1,0,7,1,2,0,0,0,0,0,0,0,0
37300,6647,217468,1,1599,0,1,1,5,1,1,0,0,0,0,0,0,0,0
37400,6695,217101,3,1444,0,0,1,0,1,0,0,0,0,0,0,0,0,0
37500,6604,216320,2,1639,0,1,0,2,0,0,0,0,0,0,0,0,0,0
37600,6711,217500,2,1492,0,8,2,3,0,2,0,0,0,0,0,0,0,0
37700,6691,217177,2,1494,0,0,0,0,0,0,1,0,0,0,0,0,0,0
37800,6690,218130,1,1514,0,0,1,4,0,2,2,0,0,0,0,0,0,0
37900,6644,217713,1,1844,0,0,0,18,0,3,1,1,0,0,0,0,0,0
38000,6672,218470,1,1372,0,1,0,4,1,1,0,0,0,0,0,0,0,0
38100,6711,217520,2,1577,0,0,1,5,1,3,0,0,0,0,0,0,0,0
38200,6675,217403,3,1450,0,0,0,1,0,1,0,1,0,0,0,0,0,0
38300,6668,217654,1,1468,0,0,0,0,0,2,0,0,0,0,0,0,0,0
38400,6661,217298,1,1494,0,0,3,2,0,0,0,0,0,0,0,0,0,0
38500,6686,217958,0,1664,0,0,1,1,0,0,0,0,0,0,0,0,0,0
38600,6726,217763,2,1566,0,1,3,0,0,3,0,0,0,0,0,0,0,0
38700,6607,217766,1,1599,0,0,0,3,1,0,1,0,0,0,0,0,0,0
38800,6599,217247,0,1662,0,1,0,0,1,0,0,0,0,0,0,0,0,0
38900,6603,217269,0,1516,0,0,0,3,1,1,0,0,0,0,0,0,0,0
39000,6568,217409,0,1467,0,0,0,1,0,2,0,0,0,0,0,0,0,0
39100,6508,218697,0,1526,0,1,0,7,0,0,0,1,0,0,0,0,0,0
39200,6565,217551,0,1486,0,0,1,0,0,1,0,0,0,0,0,0,0,0
39300,6553,217271,0,1449,0,1,4,2,1,0,0,0,0,0,0,0,0,0
39400,6519,218382,1,1554,0,0,1,1,0,2,0,0,0,0,0,0,0,0
39500,6566,218398,0,1402,0,0,1,2,1,0,0,1,0,0,0,0,0,0
39600,6601,218917,2,1439,0,2,0,4,0,0,0,0,0,0,0,0,0,0
39700,6638,217992,1,1641,0,1,0,6,1,2,0,0,0,0,0,0,0,0
39800,6634,217072,2,1551,0,1,0,2,3,0,0,0,0,0,0,0,0,0
39900,6705,217023,2,1444,0,0,0,1,0,2,0,0,0,0,0,0,0,0
40000,6721,216968,4,1471,0,0,0,1,0,3,0,0,0,0,0,0,0,0
40100,6704,218499,1,1682,0,0,0,6,1,0,0,0,1,0,0,0,0,0
40200,6758,217318,2,1559,0,1,0,0,0,0,0,0,0,0,0,0,0,0
40300,6673,217672,2,1430,0,1,1,15,0,2,0,0,0,0,0,0,0,0
40400,6785,216961,2,1432,0,0,1,1,1,0,0,0,0,0,0,0,0,0
40500,6740,218064,2,1621,0,0,0,1,1,0,0,0,0,0,0,0,0,0
40600,6733,218959,0,1591,0,0,3,2,1,0,0,0,0,0,0,0,0,0
40700,6796,217340,4,1500,0,0,1,0,0,1,0,0,0,0,0,0,0,0
40800,6742,216751,2,1531,0,0,0,5,3,1,0,1,0,0,0,0,0,0
40900,6832,216689,1,1479,0,1,0,15,0,0,0,0,0,0,0,0,0,0
41000,6779,217943,2,1502,0,1,0,2,0,0,0,0,0,0,0,0,0,0
41100,6763,216543,2,1398,0,0,0,5,0,0,0,0,1,0,0,0,0,0
41200,6773,217064,1,1452,0,1,2,3,0,1,0,0,0,0,0,0,0,0
41300,6805,217849,2,1674,0,2,0,4,2,0,0,0,0,0,0,0,0,0
41400,6766,218427,3,1560,0,0,0,2,2,1,1,0,0,0,0,0,0,0
41500,6778,217338,0,1563,0,0,0,0,1,1,0,0,0,0,0,0,0,0
41600,6743,216765,4,1622,0,2,0,0,0,0,0,0,0,0,0,0,0,0
41700,6699,217598,1,1631,0,2,0,5,3,1,0,0,0,0,0,0,0,0
41800,6723,216874,0,1680,0,2,1,3,0,0,0,0,0,0,0,0,0,0
41900,6697,216359,2,1496,0,0,2,9,0,1,0,0,0,0,0,0,0,0
42000,6605,217389,2,1369,0,0,3,20,2,2,0,0,0,0,0,0,0,0
42100,6745,217336,4,1447,0,0,1,7,0,1,0,0,0,0,0,0,0,0
42200,6737,218715,2,1361,0,0,0,7,0,1,0,0,0,0,0,0,0,0
42300,6767,218240,1,1544,0,1,0,6,0,0,0,0,0,0,0,0,0,0
42400,6817,217647,2,1385,0,0,0,7,1,0,0,0,0,0,0,0,0,0
42500,6755,217661,2,1598,0,2,1,19,0,1,0,0,0,0,0,0,0,0
42600,6803,217132,2,1792,0,0,2,6,0,1,0,0,0,0,0,0,0,0
42700,6827,217642,1,1617,0,5,0,0,1,0,0,0,0,0,0,0,0,0
42800,6750,218173,4,1574,0,1,0,4,0,0,0,0,0,0,0,0,0,0
42900,6870,217480,1,1684,0,1,0,18,2,1,0,0,0,0,0,0,0,0
43000,6922,217272,1,1442,0,5,0,1,1,1,0,0,0,0,0,0,0,0
43100,6854,217513,1,1434,0,3,0,7,2,0,1,0,0,0,0,0,0,0
43200,6952,218442,2,1513,0,2,0,2,1,0,0,1,0,0,0,0,0,0
43300,6895,219197,2,1452,0,0,1,30,0,0,0,0,0,0,0,0,0,0
43400,6917,219423,2,1500,0,1,0,9,0,0,0,0,0,0,0,0,0,0
43500,6974,218879,1,1566,1,0,1,9,3,0,0,1,0,0,0,0,0,0
43600,6976,218874,1,1535,0,2,3,12,1,0,0,0,0,0,0,0,0,0
43700,7044,218829,2,1549,0,0,1,15,3,0,0,0,0,0,0,0,0,0
43800,6984,218559,1,1523,0,0,2,47,1,0,0,0,1,0,0,0,0,0
43900,6951,218244,0,1584,0,5,0,109,0,1,0,0,0,0,0,0,0,0
44000,6992,217149,1,1400,0,0,0,21,2,1,0,0,0,0,0,0,0,0
44100,7005,218535,1,1392,0,0,0,13,1,4,0,1,0,0,0,0,0,0
44200,6955,217843,2,1497,0,1,0,9,0,0,0,0,0,0,0,0,0,0
44300,6898,217583,0,1383,0,5,0,7,2,0,0,0,0,0,0,0,0,0
44400,6939,217986,1,1498,0,4,0,5,2,0,0,1,0,0,0,0,0,0
44500,6868,218109,1,1478,0,5,0,2,0,1,0,1,0,0,0,0,0,0
44600,6958,217996,0,1919,0,4,2,1,0,2,0,0,1,0,0,0,0,0
44700,6954,217610,0,1834,0,2,0,7,2,0,0,0,0,0,0,0,0,0
44800,6958,216798,0,1499,0,1,0,6,2,2,0,1,0,0,0,0,0,0
44900,6962,215886,0,1494,0,0,0,1,0,2,0,0,0,0,0,0,0,0
45000,6988,217140,2,1532,0,2,1,1,0,1,0,0,0,0,0,0,0,0
45100,7127,217320,3,1577,0,2,0,3,1,0,0,0,0,0,0,0,0,0
45200,7180,217473,1,1492,0,1,0,13,2,1,0,0,0,0,0,0,0,0
45300,7171,218148,1,1567,1,1,1,5,0,3,0,0,0,0,0,0,0,0
45400,7324,217966,1,1747,0,2,1,1,1,2,0,0,0,0,0,0,0,0
45500,7193,218316,0,1510,0,0,3,1,2,0,0,0,0,0,0,0,0,0
45600,7447,218850,2,1516,0,0,1,10,3,0,0,0,0,0,0,0,0,0
45700,7392,218972,2,1491,0,1,0,8,1,1,0,0,0,0,0,0,0,0
45800,7399,216816,2,1371,0,0,0,9,0,1,0,0,0,0,0,0,0,0
45900,7515,216862,1,1636,0,1,0,11,0,0,0,0,0,0,0,0,0,0
46000,7686,217228,2,1492,0,1,0,3,0,1,0,0,0,0,0,0,0,0
46100,7818,217411,1,1521,0,0,1,1,1,0,0,0,0,0,0,0,0,0
46200,7867,216593,0,1347,0,0,1,3,0,5,0,1,0,0,0,0,0,0
46300,7968,218175,1,1567,0,0,0,14,1,0,0,0,0,0,0,0,0,0
46400,8049,218377,1,1420,0,0,1,4,2,3,0,0,0,0,0,0,0,0
46500,8247,216707,1,1527,0,3,0,1,0,2,0,0,0,1,0,0,0,0
46600,8267,215684,1,1577,0,1,0,0,2,1,0,0,0,0,0,0,0,0
46700,8445,216704,0,1448,0,0,0,6,0,3,0,0,0,0,0,0,0,0
46800,8434,215913,2,1419,0,0,0,6,1,1,0,0,0,0,0,0,0,0
46900,8665,216648,1,1466,0,0,0,0,3,1,0,0,0,0,0,0,0,0
47000,8741,216009,1,1616,0,0,0,1,0,2,0,1,0,0,0,0,0,0
47100,8921,217646,2,1623,0,0,0,0,1,0,0,0,0,0,0,0,0,0
47200,9168,217447,2,1593,0,0,0,3,0,0,0,0,0,0,0,0,0,0
47300,9358,217757,2,1718,0,0,3,4,1,1,0,0,0,0,0,0,0,0
47400,9587,218060,0,1348,0,0,1,2,1,1,0,0,0,0,0,0,0,0
47500,9731,217193,1,1422,0,0,1,3,2,1,0,0,0,0,0,0,0,0
47600,10038,218095,1,1542,0,0,0,10,1,0,0,0,1,0,0,0,0,0
47700,10427,218617,0,1522,0,0,2,10,1,1,0,0,0,0,0,0,0,0
47800,10917,218274,2,1461,0,0,0,0,0,3,0,0,0,0,0,0,0,0
47900,11280,218250,0,1520,0,0,1,2,0,0,0,0,0,0,0,0,0,0
48000,11771,218255,1,1395,0,0,10,10,0,0,0,0,0,0,0,0,0,0
48100,12509,217416,1,1694,0,1,8,14,0,0,1,0,0,0,0,0,0,0
48200,13206,216401,3,1689,0,0,7,11,3,1,0,0,0,0,0,0,0,0
48300,14120,216161,1,1547,0,1,24,10,0,1,0,1,0,0,0,0,0,0
48400,14829,216330,1,1510,0,1,36,1,0,0,0,0,0,0,0,0,0,0
48500,15915,216365,5,1418,1,0,16,0,0,0,0,0,0,0,0,0,0,0
48600,17016,216010,2,1459,0,0,9,6,0,0,0,0,0,0,0,0,0,0
48700,17982,217498,1,1391,0,0,6,2,3,0,0,0,0,0,0,0,0,0
48800,18902,216839,1,1655,1,0,8,5,0,1,0,0,0,0,0,0,0,0
48900,20102,216672,0,1478,0,1,8,1,2,1,0,0,0,0,0,0,0,0
49000,21209,216861,0,1407,1,2,11,3,2,0,0,0,0,0,0,0,0,0
49100,22349,217005,2,1312,1,2,10,1,0,1,0,1,0,0,0,0,0,0
49200,23487,217973,1,1213,0,0,10,1,1,2,0,0,0,0,0,0,0,0
49300,24649,217255,0,1429,0,0,6,3,1,0,0,0,0,0,0,0,0,0
49400,25734,216456,3,1567,0,1,3,4,1,2,0,0,0,0,0,0,0,0
49500,26964,217614,5,1501,0,0,1,0,1,2,0,0,0,0,0,0,0,0
49600,28008,216826,3,1416,1,1,4,8,0,0,0,0,1,0,0,0,0,0
49700,29002,218017,2,1415,0,2,0,5,0,5,0,0,1,0,0,0,0,0
49800,29855,217284,2,1505,0,0,0,0,1,1,0,0,0,0,0,0,0,0
49900,31333,217851,4,1425,1,0,1,0,1,1,0,0,0,0,0,0,0,0
50000,32056,218737,2,1436,1,2,0,2,0,1,1,0,0,0,0,0,0,0
50100,33014,218383,3,1284,2,0,0,4,0,0,0,0,0,0,0,0,0,0
50200,34404,217478,1,1460,0,5,2,0,2,0,0,0,0,0,0,0,0,0
50300,35456,217353,2,1569,0,1,0,3,3,5,1,1,1,0,0,0,0,0
50400,36549,217370,12,1486,2,0,1,28,3,0,0,0,0,0,0,0,0,0
50500,37846,216508,29,1524,1,0,0,4,0,0,0,0,0,0,0,0,0,0
50600,39141,216773,27,1375,0,0,1,0,1,2,0,0,0,0,0,0,0,0
50700,39971,216709,36,1346,0,0,1,4,0,0,1,0,0,0,0,0,0,0
50800,40990,217807,37,1471,0,1,0,8,0,0,0,0,0,0,0,0,0,0
50900,41944,217718,99,1447,0,0,1,1,1,1,0,0,0,0,0,0,0,0
51000,42903,216101,99,1646,1,0,1,2,1,0,0,0,0,0,0,0,0,0
51100,43336,216710,127,2075,1,0,1,9,3,1,0,0,0,0,0,0,0,0
51200,44475,215611,157,2029,0,3,1,1,1,0,0,0,0,0,0,0,0,0
51300,45551,215150,224,1747,1,0,3,2,1,0,0,0,0,0,0,0,0,0
51400,46098,214739,202,1950,0,0,4,17,0,2,1,0,0,0,0,0,0,0
51500,47070,215112,187,1952,0,1,1,1,1,1,0,0,0,0,0,0,0,0
51600,48235,216477,247,2255,0,0,10,5,1,1,0,0,0,0,0,0,0,0
51700,49290,216563,215,2257,0,0,9,5,1,0,1,0,0,0,0,1,0,0
51800,49810,216239,271,2374,0,0,30,2,1,0,0,0,0,0,0,0,0,0
51900,51309,216741,330,2274,1,1,78,0,1,1,1,0,0,0,0,0,0,0
52000,52847,216765,299,2388,1,0,86,0,7,3,0,0,1,0,0,0,0,0
52100,54225,215861,307,2247,0,0,184,0,3,1,0,0,0,0,0,0,0,0
52200,56230,215082,379,2393,0,0,307,3,7,1,0,0,0,0,0,0,0,0
52300,57769,214831,352,2420,0,0,512,0,1,0,2,0,0,0,0,0,0,0
52400,59541,214803,433,2343,1,1,771,14,3,0,0,0,0,0,0,0,0,0
52500,61437,215125,511,2424,1,0,1079,51,1,0,0,0,0,0,0,0,0,0
52600,63697,214365,496,2367,1,0,1644,198,8,1,0,0,0,0,0,0,0,0
52700,65745,213095,550,2362,1,0,1809,1081,1,2,0,0,0,0,0,0,0,0
52800,69184,212760,494,2524,1,3,1195,2311,4,0,0,0,0,0,0,0,0,0
52900,72554,212487,463,2500,0,5,883,2622,4,2,0,0,0,0,0,0,0,0
53000,75164,212905,462,2500,1,1,790,2309,5,0,2,0,0,0,0,0,0,0
53100,72201,211401,386,2356,1,5,676,2608,1,1,0,0,0,0,0,0,0,0
53200,9919,213278,24,2343,0,1,57,2376,0,1,0,0,0,0,0,0,0,0
53300,9921,213994,25,2129,0,1,52,2406,2,5,0,0,0,0,0,0,0,0
53400,9920,214506,30,2193,0,0,50,2483,0,0,0,0,0,0,0,0,0,0
53500,9931,215640,31,2121,0,0,38,2697,0,1,0,0,0,0,0,0,0,0
53600,9935,215425,22,2134,0,1,43,2423,0,2,0,0,0,0,0,0,0,0
53700,9930,214952,26,2174,0,0,44,2206,0,1,0,0,0,0,0,0,0,0
53800,9940,214525,25,2181,0,0,35,2099,0,1,0,0,0,0,0,0,0,0
53900,9953,214936,23,2144,0,0,24,1930,0,2,0,0,0,0,0,0,0,0
54000,9954,214156,23,2104,0,0,23,2017,0,1,0,1,0,0,0,0,0,0
54100,9960,215021,19,1968,0,1,21,2133,0,0,0,0,0,0,0,0,0,0
54200,9969,214582,15,2374,0,0,16,1578,0,0,0,0,0,0,0,0,0,0
54300,9970,215984,13,1896,0,0,17,1503,0,1,0,0,0,0,0,0,0,0
54400,9973,214831,9,2068,0,4,17,1684,1,0,0,0,0,0,0,0,0,0
54500,9966,214986,9,2194,0,1,25,1619,0,1,0,0,0,0,0,0,0,0
54600,9981,215030,9,2258,0,0,10,1562,0,1,0,0,0,0,0,0,0,0
54700,9977,215465,6,2293,0,1,17,1562,0,0,0,0,0,0,0,0,0,0
54800,9979,214271,3,2274,0,0,18,1234,0,1,0,0,0,0,0,0,0,0
54900,9983,214822,0,2241,0,0,17,1344,0,0,0,0,0,0,0,0,0,0
55000,9989,215869,0,1751,0,0,11,1257,0,2,0,0,0,0,0,0,0,0
55100,9985,215751,0,2003,0,0,13,1272,2,3,0,0,0,0,0,0,0,0
55200,9985,214574,0,2001,0,2,14,1052,1,1,0,0,0,0,0,0,0,0
55300,9983,215457,1,1961,0,0,16,946,0,0,0,0,0,0,0,0,0,0
55400,9984,215694,0,1881,0,0,16,1124,0,1,0,0,0,0,0,0,0,0
55500,9985,216095,4,1899,0,1,11,1037,0,2,0,0,0,0,0,0,0,0
55600,9984,215199,0,1691,1,0,13,1131,2,1,0,0,0,0,0,0,0,0
55700,9988,217496,0,1902,0,0,12,1035,0,0,0,0,0,0,0,0,0,0
55800,9984,217252,0,1936,0,32,15,953,1,2,0,0,0,0,0,0,0,0
55900,9987,216875,0,1941,0,35,13,1032,0,0,0,0,0,0,0,0,0,0
56000,9987,217663,0,1627,0,0,13,882,0,3,0,0,0,0,0,0,0,0
56100,9990,217615,0,1695,0,0,10,1045,0,1,0,0,0,0,0,0,0,0
56200,9988,217931,0,1575,0,0,12,957,0,1,0,0,0,0,0,0,0,0
56300,9989,217270,0,1830,0,0,11,904,0,0,0,0,0,0,0,0,0,0
56400,9985,217629,0,1991,0,1,15,937,0,1,0,0,0,0,0,0,0,0
56500,9984,218400,0,1921,0,4,15,768,1,1,0,0,0,0,0,0,0,0
56600,9984,216786,3,1827,0,0,13,837,0,3,0,0,0,0,0,0,0,0
56700,9976,216141,10,1562,0,0,14,756,0,2,0,0,0,0,0,0,0,0
56800,9980,216298,8,1718,0,1,12,892,0,3,0,0,0,0,0,0,0,0
56900,9981,216579,6,1612,0,0,13,852,0,0,0,0,0,0,0,0,0,0
57000,9979,217050,8,1691,0,2,13,754,0,2,0,0,0,0,0,0,0,0
57100,9983,215738,7,1768,0,0,10,702,0,0,0,0,0,0,0,0,0,0
57200,9978,215629,7,1812,0,0,15,534,0,4,0,0,0,0,0,0,0,0
