update,count,hosted_syms
0,10000,0
1000,7838,0
2000,7947,0
3000,7885,0
4000,7921,0
5000,7862,0
6000,7894,0
7000,7875,0
8000,7967,0
9000,7940,0
10000,7881,0
11000,7934,0
12000,7942,0
13000,7987,0
14000,7949,0
15000,7957,0
16000,7966,0
17000,7998,0
18000,8002,0
19000,8069,0
20000,7986,0
21000,7972,0
22000,7930,0
23000,8091,0
24000,8023,0
25000,8013,0
26000,8054,0
27000,8019,0
28000,8067,0
29000,7989,0
30000,8049,0
31000,8067,0
32000,8048,0
33000,8013,0
34000,8057,0
35000,7993,0
36000,7960,0
37000,7997,0
38000,8087,0
39000,8095,0
40000,8006,0
41000,8049,0
42000,7992,0
43000,7976,0
44000,7966,0
45000,8062,0
46000,8054,0
47000,7954,0
48000,7970,0
49000,7936,0
50000,7965,0
51000,7912,0
52000,8024,0
53000,7979,0
54000,7988,0
55000,7935,0
56000,7958,0
57000,8030,0
58000,7921,0
59000,7929,0
60000,8007,0
61000,7935,0
62000,8004,0
63000,8055,0
64000,7972,0
65000,8065,0
66000,8014,0
67000,7909,0
68000,7960,0
69000,7956,0
70000,7931,0
71000,7961,0
72000,7931,0
73000,8051,0
74000,7870,0
75000,7991,0
76000,7974,0
77000,7994,0
78000,7901,0
79000,7865,0
80000,7879,0
81000,7952,0
82000,7970,0
83000,8015,0
84000,7955,0
85000,7937,0
86000,7987,0
87000,7917,0
88000,7954,0
89000,7994,0
90000,7977,0
91000,7965,0
92000,7984,0
93000,8084,0
94000,7978,0
95000,8025,0
96000,8012,0
97000,8053,0
98000,8045,0
99000,7982,0
100000,7950,0
101000,8016,0
102000,8041,0
103000,7909,0
104000,8008,0
105000,8088,0
106000,8012,0
107000,7973,0
108000,7952,0
109000,7916,0
110000,7923,0
111000,7965,0
112000,7862,0
113000,8026,0
114000,7922,0
115000,8005,0
116000,7847,0
117000,7952,0
118000,7906,0
119000,8026,0
120000,8004,0
121000,8021,0
122000,7991,0
123000,7922,0
124000,8020,0
125000,8055,0
126000,7970,0
127000,8085,0
128000,7993,0
129000,8054,0
130000,8063,0
131000,8056,0
132000,7954,0
133000,8082,0
134000,8036,0
135000,7917,0
136000,7971,0
137000,7963,0
138000,7899,0
139000,7978,0
140000,7949,0
141000,7967,0
142000,8002,0
143000,7964,0
144000,8002,0
145000,8057,0
146000,8102,0
147000,7892,0
148000,8006,0
149000,8013,0
150000,7957,0
151000,8056,0
152000,7835,0
153000,7983,0
154000,8004,0
155000,8007,0
156000,7808,0
157000,7932,0
158000,7993,0
159000,7985,0
160000,7933,0
161000,8002,0
162000,7998,0
163000,8027,0
164000,7928,0
165000,7951,0
166000,7937,0
167000,7902,0
168000,7944,0
169000,7993,0
170000,7968,0
171000,7847,0
172000,7936,0
173000,7947,0
174000,8054,0
175000,7977,0
176000,8006,0
177000,8000,0
178000,7901,0
179000,7946,0
180000,7905,0
181000,8058,0
182000,7846,0
183000,8021,0
184000,7894,0
185000,8023,0
186000,7947,0
187000,7956,0
188000,7938,0
189000,7984,0
190000,7961,0
191000,8005,0
192000,7896,0
193000,7894,0
194000,7912,0
195000,7817,0
196000,7814,0
197000,7972,0
198000,8011,0
199000,8004,0
200000,7950,0
201000,7928,0
202000,8025,0
203000,7997,0
204000,7980,0
205000,7959,0
206000,7988,0
207000,7923,0
208000,7958,0
209000,7887,0
210000,7956,0
211000,7932,0
212000,7919,0
213000,8010,0
214000,8004,0
215000,7902,0
216000,7959,0
217000,8033,0
218000,7898,0
219000,7943,0
220000,7910,0
221000,7900,0
222000,7887,0
223000,8001,0
224000,7910,0
225000,7837,0
226000,7845,0
227000,8037,0
228000,7868,0
229000,8083,0
230000,7881,0
231000,7800,0
232000,7919,0
233000,8054,0
234000,7815,0
235000,7928,0
236000,7865,0
237000,7856,0
238000,7938,0
239000,7976,0
240000,7988,0
241000,7781,0
242000,7836,0
243000,7972,0
244000,7930,0
245000,7891,0
246000,8111,0
247000,7957,0
248000,7999,0
249000,7968,0
250000,8001,0
251000,7994,0
252000,7954,0
253000,8007,0
254000,7914,0
255000,8004,0
256000,7932,0
257000,8013,0
258000,7961,0
259000,7856,0
260000,7951,0
261000,7896,0
262000,7977,0
263000,7993,0
264000,7946,0
265000,7912,0
266000,7896,0
267000,7923,0
268000,7951,0
269000,7887,0
270000,7924,0
271000,8010,0
272000,7973,0
273000,7950,0
274000,7941,0
275000,7972,0
276000,8005,0
277000,7943,0
278000,7837,0
279000,7848,0
280000,7877,0
281000,7952,0
282000,7939,0
283000,7984,0
284000,7902,0
285000,7916,0
286000,7993,0
287000,7882,0
288000,7962,0
289000,7970,0
290000,7980,0
291000,7825,0
292000,7810,0
293000,7938,0
294000,7851,0
295000,7936,0
296000,7929,0
297000,7985,0
298000,7964,0
299000,7970,0
300000,8011,0
301000,8008,0
302000,7967,0
303000,7979,0
304000,8015,0
305000,7875,0
306000,7891,0
307000,7862,0
308000,8113,0
309000,8004,0
310000,7955,0
311000,7996,0
312000,7991,0
313000,8010,0
314000,7960,0
315000,7963,0
316000,8033,0
317000,7994,0
318000,7896,0
319000,7953,0
320000,7925,0
321000,7848,0
322000,7929,0
323000,7874,0
324000,7985,0
325000,7924,0
326000,7860,0
327000,7896,0
328000,7902,0
329000,8011,0
330000,7967,0
331000,8028,0
332000,7984,0
333000,7962,0
334000,7922,0
335000,7943,0
336000,8005,0
337000,7992,0
338000,8037,0
339000,7930,0
340000,7894,0
341000,7952,0
342000,8019,0
343000,7888,0
344000,7948,0
345000,7900,0
346000,7938,0
347000,7907,0
348000,7900,0
349000,7897,0
350000,7932,0
351000,7884,0
352000,7930,0
353000,7969,0
354000,7984,0
355000,7902,0
356000,7885,0
357000,7913,0
358000,7937,0
359000,7902,0
360000,7978,0
361000,8005,0
362000,7974,0
363000,7968,0
364000,7970,0
365000,7982,0
366000,8020,0
367000,7998,0
368000,7918,0
369000,7947,0
370000,7940,0
371000,7898,0
372000,7809,0
373000,8003,0
374000,8023,0
375000,7920,0
376000,8035,0
377000,8006,0
378000,7892,0
379000,7976,0
380000,8016,0
381000,7982,0
382000,7936,0
383000,7934,0
384000,7979,0
385000,7957,0
386000,7920,0
387000,8004,0
388000,7959,0
389000,7812,0
390000,7966,0
391000,7948,0
392000,7993,0
393000,7950,0
394000,7942,0
395000,7914,0
396000,8061,0
397000,8017,0
398000,7946,0
399000,7929,0
400000,7909,0
401000,7940,0
402000,7896,0
403000,7961,0
404000,7926,0
405000,8044,0
406000,7972,0
407000,8009,0
408000,7969,0
409000,7940,0
410000,7947,0
411000,7988,0
412000,8010,0
413000,8051,0
414000,7980,0
415000,7926,0
416000,7888,0
417000,7821,0
418000,7900,0
419000,7829,0
420000,7778,0
421000,8015,0
422000,7937,0
423000,7906,0
424000,7891,0
425000,7907,0
426000,7981,0
427000,7977,0
428000,8012,0
429000,7935,0
430000,8018,0
431000,7847,0
432000,7985,0
433000,7922,0
434000,7941,0
435000,7989,0
436000,7761,0
437000,7901,0
438000,8000,0
439000,7868,0
440000,7976,0
441000,7989,0
442000,7907,0
443000,8036,0
444000,7949,0
445000,7909,0
446000,8001,0
447000,8014,0
448000,7908,0
449000,7839,0
450000,8046,0
451000,7967,0
452000,7893,0
453000,7959,0
454000,8047,0
455000,7910,0
456000,7870,0
457000,7949,0
458000,7892,0
459000,7955,0
460000,7927,0
461000,7972,0
462000,8004,0
463000,7966,0
464000,7921,0
465000,7997,0
466000,7883,0
467000,7982,0
468000,8032,0
469000,7911,0
470000,7937,0
471000,7987,0
472000,8002,0
473000,7966,0
474000,7935,0
475000,7938,0
476000,7817,0
477000,7978,0
478000,7961,0
479000,7765,0
480000,7985,0
481000,7882,0
482000,8004,0
483000,7900,0
484000,8008,0
485000,7919,0
486000,7878,0
487000,7891,0
488000,7986,0
489000,7838,0
490000,7929,0
491000,7970,0
492000,7952,0
493000,7975,0
494000,7996,0
495000,7881,0
496000,7894,0
497000,7987,0
498000,7968,0
499000,7981,0
500000,7896,0
501000,7972,0
502000,7956,0
503000,8011,0
504000,8024,0
505000,7981,0
506000,7881,0
507000,8009,0
508000,8069,0
509000,7893,0
510000,8008,0
511000,7951,0
512000,8007,0
513000,7956,0
514000,7937,0
515000,8010,0
516000,7986,0
517000,7983,0
518000,7936,0
519000,7888,0
520000,7913,0
521000,7886,0
522000,7954,0
523000,7948,0
524000,7914,0
525000,7849,0
526000,7884,0
527000,7930,0
528000,7841,0
529000,7875,0
530000,7812,0
531000,7933,0
532000,7991,0
533000,7828,0
534000,7885,0
535000,7929,0
536000,7969,0
537000,7866,0
538000,7910,0
539000,7892,0
540000,7929,0
541000,7909,0
542000,7823,0
543000,7903,0
544000,8001,0
545000,7904,0
546000,7889,0
547000,7950,0
548000,7898,0
549000,8005,0
