update,host_task_NOT,sym_task_NOT,host_task_NAND,sym_task_NAND,host_task_AND,sym_task_AND,host_task_ORN,sym_task_ORN,host_task_OR,sym_task_OR,host_task_ANDN,sym_task_ANDN,host_task_NOR,sym_task_NOR,host_task_XOR,sym_task_XOR,host_task_EQU,sym_task_EQU
0,0,0,0,0,0,0,0,0,0,0,0,0,0,0,0,0,0,0
1000,99994,0,0,0,2,0,2,0,2,0,2,0,0,0,0,0,0,0
2000,99977,0,18,0,1,0,4,0,0,0,0,0,0,0,0,0,0,0
3000,99298,0,660,0,41,0,0,0,0,0,1,0,0,0,0,0,0,0
4000,98910,0,916,0,170,0,3,0,0,0,1,0,0,0,0,0,0,0
5000,98585,0,1411,0,0,0,3,0,1,0,0,0,0,0,0,0,0,0
6000,95705,0,4290,0,1,0,3,0,1,0,0,0,0,0,0,0,0,0
7000,99142,0,840,0,0,0,9,0,3,0,6,0,0,0,0,0,0,0
8000,99971,0,8,0,0,0,21,0,0,0,0,0,0,0,0,0,0,0
9000,99858,0,139,0,0,0,2,0,0,0,1,0,0,0,0,0,0,0
10000,97319,0,2679,0,0,0,0,0,2,0,0,0,0,0,0,0,0,0
11000,98043,0,1934,0,0,0,23,0,0,0,0,0,0,0,0,0,0,0
12000,99377,0,623,0,0,0,0,0,0,0,0,0,0,0,0,0,0,0
13000,95344,0,4655,0,1,0,0,0,0,0,0,0,0,0,0,0,0,0
14000,99643,0,356,0,0,0,1,0,0,0,0,0,0,0,0,0,0,0
15000,98714,0,1264,0,0,0,22,0,0,0,0,0,0,0,0,0,0,0
16000,92634,0,7346,0,0,0,16,0,4,0,0,0,0,0,0,0,0,0
17000,85266,0,14729,0,1,0,4,0,0,0,0,0,0,0,0,0,0,0
18000,75286,0,24610,0,0,0,102,0,2,0,0,0,0,0,0,0,0,0
19000,87708,0,12284,0,0,0,3,0,5,0,0,0,0,0,0,0,0,0
20000,93688,0,6299,0,0,0,11,0,1,0,0,0,1,0,0,0,0,0
21000,99649,0,339,0,3,0,4,0,4,0,1,0,0,0,0,0,0,0
22000,99943,0,49,0,0,0,5,0,3,0,0,0,0,0,0,0,0,0
23000,99529,0,467,0,0,0,3,0,0,0,1,0,0,0,0,0,0,0
24000,99835,0,161,0,0,0,3,0,0,0,1,0,0,0,0,0,0,0
25000,99913,0,75,0,3,0,6,0,3,0,0,0,0,0,0,0,0,0
26000,99963,0,31,0,0,0,3,0,2,0,0,0,1,0,0,0,0,0
27000,99938,0,59,0,0,0,0,0,3,0,0,0,0,0,0,0,0,0
28000,99985,0,15,0,0,0,0,0,0,0,0,0,0,0,0,0,0,0
29000,99598,0,401,0,0,0,1,0,0,0,0,0,0,0,0,0,0,0
30000,99505,0,493,0,0,0,1,0,1,0,0,0,0,0,0,0,0,0
31000,99791,0,208,0,0,0,1,0,0,0,0,0,0,0,0,0,0,0
32000,99992,0,5,0,1,0,1,0,1,0,0,0,0,0,0,0,0,0
33000,99984,0,13,0,0,0,2,0,0,0,1,0,0,0,0,0,0,0
34000,99248,0,746,0,0,0,3,0,3,0,0,0,0,0,0,0,0,0
35000,99963,0,33,0,0,0,3,0,1,0,0,0,0,0,0,0,0,0
36000,99986,0,10,0,0,0,1,0,3,0,0,0,0,0,0,0,0,0
37000,99952,0,43,0,0,0,2,0,3,0,0,0,0,0,0,0,0,0
38000,99965,0,32,0,0,0,2,0,1,0,0,0,0,0,0,0,0,0
39000,99995,0,4,0,0,0,1,0,0,0,0,0,0,0,0,0,0,0
40000,99994,0,1,0,1,0,1,0,3,0,0,0,0,0,0,0,0,0
41000,99998,0,1,0,1,0,0,0,0,0,0,0,0,0,0,0,0,0
42000,99990,0,7,0,3,0,0,0,0,0,0,0,0,0,0,0,0,0
43000,99987,0,11,0,0,0,1,0,1,0,0,0,0,0,0,0,0,0
44000,99999,0,1,0,0,0,0,0,0,0,0,0,0,0,0,0,0,0
45000,99993,0,3,0,0,0,4,0,0,0,0,0,0,0,0,0,0,0
46000,99991,0,6,0,0,0,0,0,3,0,0,0,0,0,0,0,0,0
47000,99989,0,2,0,2,0,0,0,6,0,1,0,0,0,0,0,0,0
48000,99983,0,13,0,0,0,1,0,3,0,0,0,0,0,0,0,0,0
49000,99987,0,6,0,0,0,2,0,5,0,0,0,0,0,0,0,0,0
50000,99995,0,0,0,0,0,5,0,0,0,0,0,0,0,0,0,0,0
51000,99992,0,8,0,0,0,0,0,0,0,0,0,0,0,0,0,0,0
52000,99912,0,10,0,74,0,1,0,3,0,0,0,0,0,0,0,0,0
53000,99959,0,2,0,39,0,0,0,0,0,0,0,0,0,0,0,0,0
54000,99990,0,2,0,0,0,8,0,0,0,0,0,0,0,0,0,0,0
55000,99996,0,1,0,0,0,3,0,0,0,0,0,0,0,0,0,0,0
56000,99994,0,2,0,0,0,4,0,0,0,0,0,0,0,0,0,0,0
57000,99996,0,1,0,0,0,3,0,0,0,0,0,0,0,0,0,0,0
58000,99993,0,3,0,0,0,2,0,2,0,0,0,0,0,0,0,0,0
59000,99952,0,44,0,0,0,1,0,3,0,0,0,0,0,0,0,0,0
60000,99998,0,2,0,0,0,0,0,0,0,0,0,0,0,0,0,0,0
61000,99993,0,0,0,0,0,6,0,1,0,0,0,0,0,0,0,0,0
62000,99996,0,0,0,0,0,0,0,4,0,0,0,0,0,0,0,0,0
63000,99980,0,19,0,0,0,1,0,0,0,0,0,0,0,0,0,0,0
64000,99997,0,1,0,0,0,0,0,2,0,0,0,0,0,0,0,0,0
65000,99941,0,56,0,0,0,0,0,3,0,0,0,0,0,0,0,0,0
66000,99953,0,46,0,0,0,0,0,1,0,0,0,0,0,0,0,0,0
67000,99836,0,164,0,0,0,0,0,0,0,0,0,0,0,0,0,0,0
68000,99993,0,6,0,0,0,1,0,0,0,0,0,0,0,0,0,0,0
69000,99998,0,0,0,2,0,0,0,0,0,0,0,0,0,0,0,0,0
70000,99992,0,8,0,0,0,0,0,0,0,0,0,0,0,0,0,0,0
71000,99919,0,72,0,0,0,9,0,0,0,0,0,0,0,0,0,0,0
72000,99320,0,679,0,0,0,0,0,1,0,0,0,0,0,0,0,0,0
73000,99815,0,183,0,0,0,0,0,2,0,0,0,0,0,0,0,0,0
74000,99994,0,0,0,0,0,1,0,5,0,0,0,0,0,0,0,0,0
75000,99949,0,50,0,0,0,1,0,0,0,0,0,0,0,0,0,0,0
76000,99993,0,3,0,1,0,2,0,1,0,0,0,0,0,0,0,0,0
77000,99998,0,1,0,0,0,1,0,0,0,0,0,0,0,0,0,0,0
78000,99867,0,128,0,1,0,3,0,1,0,0,0,0,0,0,0,0,0
79000,99995,0,0,0,0,0,5,0,0,0,0,0,0,0,0,0,0,0
80000,99988,0,3,0,0,0,0,0,9,0,0,0,0,0,0,0,0,0
81000,99998,0,1,0,0,0,0,0,1,0,0,0,0,0,0,0,0,0
82000,99992,0,4,0,0,0,3,0,1,0,0,0,0,0,0,0,0,0
83000,99996,0,4,0,0,0,0,0,0,0,0,0,0,0,0,0,0,0
84000,99998,0,0,0,0,0,1,0,0,0,1,0,0,0,0,0,0,0
85000,99993,0,3,0,0,0,0,0,4,0,0,0,0,0,0,0,0,0
86000,99998,0,0,0,1,0,1,0,0,0,0,0,0,0,0,0,0,0
87000,99993,0,4,0,0,0,2,0,0,0,0,0,1,0,0,0,0,0
88000,99994,0,2,0,0,0,1,0,3,0,0,0,0,0,0,0,0,0
89000,99995,0,4,0,0,0,0,0,1,0,0,0,0,0,0,0,0,0
90000,98752,0,1248,0,0,0,0,0,0,0,0,0,0,0,0,0,0,0
91000,99956,0,42,0,0,0,0,0,2,0,0,0,0,0,0,0,0,0
92000,99998,0,1,0,0,0,0,0,1,0,0,0,0,0,0,0,0,0
93000,100000,0,0,0,0,0,0,0,0,0,0,0,0,0,0,0,0,0
94000,99998,0,0,0,0,0,0,0,1,0,0,0,1,0,0,0,0,0
95000,99996,0,0,0,0,0,4,0,0,0,0,0,0,0,0,0,0,0
96000,99995,0,0,0,0,0,0,0,5,0,0,0,0,0,0,0,0,0
97000,100000,0,0,0,0,0,0,0,0,0,0,0,0,0,0,0,0,0
98000,99996,0,3,0,0,0,1,0,0,0,0,0,0,0,0,0,0,0
99000,99994,0,5,0,0,0,0,0,0,0,1,0,0,0,0,0,0,0
100000,99994,0,2,0,0,0,3,0,1,0,0,0,0,0,0,0,0,0
101000,99994,0,0,0,0,0,0,0,6,0,0,0,0,0,0,0,0,0
102000,99998,0,2,0,0,0,0,0,0,0,0,0,0,0,0,0,0,0
103000,99996,0,1,0,0,0,0,0,3,0,0,0,0,0,0,0,0,0
104000,99996,0,4,0,0,0,0,0,0,0,0,0,0,0,0,0,0,0
105000,99994,0,0,0,0,0,3,0,3,0,0,0,0,0,0,0,0,0
106000,99977,0,10,0,0,0,1,0,12,0,0,0,0,0,0,0,0,0
107000,99995,0,2,0,0,0,3,0,0,0,0,0,0,0,0,0,0,0
108000,99988,0,3,0,1,0,5,0,3,0,0,0,0,0,0,0,0,0
109000,99989,0,4,0,0,0,0,0,6,0,1,0,0,0,0,0,0,0
110000,99990,0,7,0,0,0,3,0,0,0,0,0,0,0,0,0,0,0
111000,99981,0,13,0,0,0,3,0,3,0,0,0,0,0,0,0,0,0
112000,99991,0,2,0,0,0,3,0,4,0,0,0,0,0,0,0,0,0
113000,99989,0,11,0,0,0,0,0,0,0,0,0,0,0,0,0,0,0
114000,99997,0,1,0,0,0,1,0,1,0,0,0,0,0,0,0,0,0
115000,99984,0,2,0,0,0,0,0,14,0,0,0,0,0,0,0,0,0
116000,99992,0,0,0,0,0,4,0,4,0,0,0,0,0,0,0,0,0
117000,99996,0,3,0,0,0,1,0,0,0,0,0,0,0,0,0,0,0
118000,99996,0,3,0,0,0,0,0,1,0,0,0,0,0,0,0,0,0
119000,99993,0,3,0,0,0,3,0,1,0,0,0,0,0,0,0,0,0
120000,99993,0,6,0,0,0,0,0,1,0,0,0,0,0,0,0,0,0
121000,99988,0,5,0,0,0,3,0,3,0,1,0,0,0,0,0,0,0
122000,99999,0,0,0,0,0,1,0,0,0,0,0,0,0,0,0,0,0
123000,99994,0,3,0,0,0,0,0,3,0,0,0,0,0,0,0,0,0
124000,99996,0,3,0,0,0,1,0,0,0,0,0,0,0,0,0,0,0
125000,100000,0,0,0,0,0,0,0,0,0,0,0,0,0,0,0,0,0
126000,99990,0,5,0,0,0,0,0,5,0,0,0,0,0,0,0,0,0
127000,99997,0,0,0,0,0,0,0,3,0,0,0,0,0,0,0,0,0
128000,99943,0,57,0,0,0,0,0,0,0,0,0,0,0,0,0,0,0
129000,99972,0,27,0,0,0,1,0,0,0,0,0,0,0,0,0,0,0
130000,99992,0,0,0,3,0,4,0,0,0,1,0,0,0,0,0,0,0
131000,99993,0,0,0,0,0,7,0,0,0,0,0,0,0,0,0,0,0
132000,99607,0,390,0,1,0,1,0,1,0,0,0,0,0,0,0,0,0
133000,99926,0,69,0,0,0,3,0,2,0,0,0,0,0,0,0,0,0
134000,99768,0,225,0,0,0,4,0,3,0,0,0,0,0,0,0,0,0
135000,99561,0,439,0,0,0,0,0,0,0,0,0,0,0,0,0,0,0
136000,99902,0,97,0,0,0,0,0,1,0,0,0,0,0,0,0,0,0
137000,99997,0,2,0,0,0,0,0,1,0,0,0,0,0,0,0,0,0
138000,99985,0,6,0,0,0,9,0,0,0,0,0,0,0,0,0,0,0
139000,99896,0,100,0,0,0,0,0,4,0,0,0,0,0,0,0,0,0
140000,99971,0,22,0,0,0,6,0,1,0,0,0,0,0,0,0,0,0
141000,99989,0,4,0,0,0,3,0,4,0,0,0,0,0,0,0,0,0
142000,99920,0,80,0,0,0,0,0,0,0,0,0,0,0,0,0,0,0
143000,99984,0,15,0,0,0,0,0,1,0,0,0,0,0,0,0,0,0
144000,99991,0,8,0,0,0,1,0,0,0,0,0,0,0,0,0,0,0
145000,99998,0,1,0,0,0,1,0,0,0,0,0,0,0,0,0,0,0
146000,99997,0,3,0,0,0,0,0,0,0,0,0,0,0,0,0,0,0
147000,99998,0,0,0,0,0,1,0,1,0,0,0,0,0,0,0,0,0
148000,99996,0,2,0,0,0,2,0,0,0,0,0,0,0,0,0,0,0
149000,99977,0,20,0,0,0,0,0,3,0,0,0,0,0,0,0,0,0
150000,99994,0,5,0,0,0,0,0,1,0,0,0,0,0,0,0,0,0
151000,99993,0,4,0,0,0,3,0,0,0,0,0,0,0,0,0,0,0
152000,99991,0,2,0,0,0,1,0,6,0,0,0,0,0,0,0,0,0
153000,99999,0,1,0,0,0,0,0,0,0,0,0,0,0,0,0,0,0
154000,99999,0,0,0,0,0,0,0,1,0,0,0,0,0,0,0,0,0
155000,99992,0,5,0,2,0,0,0,1,0,0,0,0,0,0,0,0,0
156000,99987,0,11,0,0,0,2,0,0,0,0,0,0,0,0,0,0,0
157000,99998,0,2,0,0,0,0,0,0,0,0,0,0,0,0,0,0,0
158000,99988,0,4,0,0,0,7,0,1,0,0,0,0,0,0,0,0,0
159000,99993,0,1,0,0,0,0,0,6,0,0,0,0,0,0,0,0,0
160000,99993,0,3,0,0,0,1,0,3,0,0,0,0,0,0,0,0,0
161000,100000,0,0,0,0,0,0,0,0,0,0,0,0,0,0,0,0,0
162000,99993,0,4,0,0,0,0,0,3,0,0,0,0,0,0,0,0,0
163000,99987,0,4,0,2,0,3,0,4,0,0,0,0,0,0,0,0,0
164000,99993,0,2,0,0,0,1,0,4,0,0,0,0,0,0,0,0,0
165000,99998,0,2,0,0,0,0,0,0,0,0,0,0,0,0,0,0,0
166000,99962,0,38,0,0,0,0,0,0,0,0,0,0,0,0,0,0,0
167000,99989,0,7,0,0,0,0,0,4,0,0,0,0,0,0,0,0,0
168000,99991,0,9,0,0,0,0,0,0,0,0,0,0,0,0,0,0,0
169000,99994,0,1,0,0,0,4,0,1,0,0,0,0,0,0,0,0,0
170000,99997,0,2,0,1,0,0,0,0,0,0,0,0,0,0,0,0,0
171000,99996,0,3,0,0,0,1,0,0,0,0,0,0,0,0,0,0,0
172000,99999,0,0,0,0,0,1,0,0,0,0,0,0,0,0,0,0,0
173000,99997,0,2,0,0,0,1,0,0,0,0,0,0,0,0,0,0,0
174000,100000,0,0,0,0,0,0,0,0,0,0,0,0,0,0,0,0,0
175000,100000,0,0,0,0,0,0,0,0,0,0,0,0,0,0,0,0,0
176000,99999,0,0,0,1,0,0,0,0,0,0,0,0,0,0,0,0,0
177000,100000,0,0,0,0,0,0,0,0,0,0,0,0,0,0,0,0,0
178000,99996,0,0,0,0,0,1,0,3,0,0,0,0,0,0,0,0,0
179000,99993,0,1,0,0,0,6,0,0,0,0,0,0,0,0,0,0,0
180000,99839,0,152,0,0,0,5,0,4,0,0,0,0,0,0,0,0,0
181000,99994,0,3,0,0,0,3,0,0,0,0,0,0,0,0,0,0,0
182000,99966,0,2,0,30,0,2,0,0,0,0,0,0,0,0,0,0,0
183000,99990,0,3,0,0,0,7,0,0,0,0,0,0,0,0,0,0,0
184000,99984,0,16,0,0,0,0,0,0,0,0,0,0,0,0,0,0,0
185000,99993,0,6,0,0,0,0,0,1,0,0,0,0,0,0,0,0,0
186000,99999,0,0,0,0,0,1,0,0,0,0,0,0,0,0,0,0,0
187000,99996,0,0,0,0,0,0,0,4,0,0,0,0,0,0,0,0,0
188000,99994,0,3,0,0,0,3,0,0,0,0,0,0,0,0,0,0,0
189000,99995,0,2,0,0,0,3,0,0,0,0,0,0,0,0,0,0,0
190000,99996,0,1,0,0,0,1,0,2,0,0,0,0,0,0,0,0,0
191000,100000,0,0,0,0,0,0,0,0,0,0,0,0,0,0,0,0,0
192000,100000,0,0,0,0,0,0,0,0,0,0,0,0,0,0,0,0,0
193000,99998,0,1,0,0,0,0,0,1,0,0,0,0,0,0,0,0,0
194000,99998,0,1,0,0,0,1,0,0,0,0,0,0,0,0,0,0,0
195000,99995,0,4,0,0,0,1,0,0,0,0,0,0,0,0,0,0,0
196000,99997,0,1,0,0,0,1,0,1,0,0,0,0,0,0,0,0,0
197000,100000,0,0,0,0,0,0,0,0,0,0,0,0,0,0,0,0,0
198000,99990,0,6,0,0,0,3,0,1,0,0,0,0,0,0,0,0,0
199000,99999,0,0,0,0,0,0,0,1,0,0,0,0,0,0,0,0,0
200000,99995,0,4,0,0,0,0,0,1,0,0,0,0,0,0,0,0,0
201000,99997,0,0,0,0,0,3,0,0,0,0,0,0,0,0,0,0,0
202000,99994,0,1,0,0,0,2,0,3,0,0,0,0,0,0,0,0,0
203000,99992,0,3,0,0,0,5,0,0,0,0,0,0,0,0,0,0,0
204000,99996,0,0,0,0,0,4,0,0,0,0,0,0,0,0,0,0,0
205000,99992,0,3,0,0,0,3,0,2,0,0,0,0,0,0,0,0,0
206000,100000,0,0,0,0,0,0,0,0,0,0,0,0,0,0,0,0,0
207000,99997,0,3,0,0,0,0,0,0,0,0,0,0,0,0,0,0,0
208000,99980,0,20,0,0,0,0,0,0,0,0,0,0,0,0,0,0,0
209000,99996,0,2,0,0,0,0,0,2,0,0,0,0,0,0,0,0,0
210000,99996,0,4,0,0,0,0,0,0,0,0,0,0,0,0,0,0,0
211000,99999,0,1,0,0,0,0,0,0,0,0,0,0,0,0,0,0,0
212000,99993,0,0,0,0,0,0,0,7,0,0,0,0,0,0,0,0,0
213000,99996,0,0,0,0,0,3,0,1,0,0,0,0,0,0,0,0,0
214000,99993,0,1,0,0,0,3,0,3,0,0,0,0,0,0,0,0,0
215000,99991,0,7,0,0,0,2,0,0,0,0,0,0,0,0,0,0,0
216000,99997,0,0,0,0,0,0,0,3,0,0,0,0,0,0,0,0,0
217000,100000,0,0,0,0,0,0,0,0,0,0,0,0,0,0,0,0,0
218000,99999,0,0,0,0,0,1,0,0,0,0,0,0,0,0,0,0,0
219000,99988,0,3,0,0,0,2,0,7,0,0,0,0,0,0,0,0,0
220000,99990,0,4,0,0,0,3,0,3,0,0,0,0,0,0,0,0,0
221000,99997,0,3,0,0,0,0,0,0,0,0,0,0,0,0,0,0,0
222000,99995,0,4,0,0,0,1,0,0,0,0,0,0,0,0,0,0,0
223000,99991,0,4,0,0,0,0,0,4,0,0,0,0,0,0,0,1,0
224000,99994,0,0,0,0,0,2,0,4,0,0,0,0,0,0,0,0,0
225000,99985,0,2,0,6,0,3,0,4,0,0,0,0,0,0,0,0,0
226000,99997,0,2,0,0,0,0,0,1,0,0,0,0,0,0,0,0,0
227000,99997,0,2,0,0,0,1,0,0,0,0,0,0,0,0,0,0,0
228000,99994,0,5,0,0,0,0,0,1,0,0,0,0,0,0,0,0,0
229000,99990,0,4,0,1,0,5,0,0,0,0,0,0,0,0,0,0,0
230000,99953,0,46,0,0,0,0,0,1,0,0,0,0,0,0,0,0,0
231000,99991,0,6,0,0,0,3,0,0,0,0,0,0,0,0,0,0,0
232000,99995,0,4,0,0,0,0,0,1,0,0,0,0,0,0,0,0,0
233000,99996,0,4,0,0,0,0,0,0,0,0,0,0,0,0,0,0,0
234000,99990,0,3,0,0,0,4,0,3,0,0,0,0,0,0,0,0,0
235000,99872,0,121,0,0,0,0,0,7,0,0,0,0,0,0,0,0,0
236000,99993,0,6,0,0,0,0,0,1,0,0,0,0,0,0,0,0,0
237000,99997,0,0,0,0,0,3,0,0,0,0,0,0,0,0,0,0,0
238000,100000,0,0,0,0,0,0,0,0,0,0,0,0,0,0,0,0,0
239000,100000,0,0,0,0,0,0,0,0,0,0,0,0,0,0,0,0,0
240000,99997,0,3,0,0,0,0,0,0,0,0,0,0,0,0,0,0,0
241000,99994,0,5,0,0,0,0,0,1,0,0,0,0,0,0,0,0,0
242000,99999,0,1,0,0,0,0,0,0,0,0,0,0,0,0,0,0,0
243000,99996,0,0,0,0,0,0,0,4,0,0,0,0,0,0,0,0,0
244000,99997,0,3,0,0,0,0,0,0,0,0,0,0,0,0,0,0,0
245000,99990,0,0,0,0,0,0,0,10,0,0,0,0,0,0,0,0,0
246000,99997,0,2,0,0,0,1,0,0,0,0,0,0,0,0,0,0,0
247000,99991,0,7,0,0,0,1,0,1,0,0,0,0,0,0,0,0,0
248000,99997,0,0,0,0,0,3,0,0,0,0,0,0,0,0,0,0,0
249000,99999,0,1,0,0,0,0,0,0,0,0,0,0,0,0,0,0,0
250000,99994,0,2,0,0,0,3,0,1,0,0,0,0,0,0,0,0,0
251000,99996,0,3,0,0,0,1,0,0,0,0,0,0,0,0,0,0,0
252000,99991,0,4,0,0,0,5,0,0,0,0,0,0,0,0,0,0,0
253000,99996,0,0,0,0,0,1,0,3,0,0,0,0,0,0,0,0,0
254000,99994,0,2,0,0,0,2,0,2,0,0,0,0,0,0,0,0,0
255000,99998,0,1,0,0,0,1,0,0,0,0,0,0,0,0,0,0,0
256000,99998,0,2,0,0,0,0,0,0,0,0,0,0,0,0,0,0,0
257000,99993,0,6,0,0,0,1,0,0,0,0,0,0,0,0,0,0,0
258000,99998,0,2,0,0,0,0,0,0,0,0,0,0,0,0,0,0,0
259000,99992,0,7,0,0,0,0,0,1,0,0,0,0,0,0,0,0,0
260000,99980,0,18,0,0,0,2,0,0,0,0,0,0,0,0,0,0,0
261000,99993,0,0,0,0,0,7,0,0,0,0,0,0,0,0,0,0,0
262000,99993,0,0,0,0,0,3,0,4,0,0,0,0,0,0,0,0,0
263000,99998,0,1,0,0,0,1,0,0,0,0,0,0,0,0,0,0,0
264000,99998,0,2,0,0,0,0,0,0,0,0,0,0,0,0,0,0,0
265000,99957,0,37,0,0,0,1,0,5,0,0,0,0,0,0,0,0,0
266000,99934,0,62,0,0,0,4,0,0,0,0,0,0,0,0,0,0,0
267000,99837,0,163,0,0,0,0,0,0,0,0,0,0,0,0,0,0,0
268000,99953,0,43,0,0,0,4,0,0,0,0,0,0,0,0,0,0,0
269000,99994,0,0,0,0,0,4,0,2,0,0,0,0,0,0,0,0,0
270000,100000,0,0,0,0,0,0,0,0,0,0,0,0,0,0,0,0,0
271000,99986,0,13,0,1,0,0,0,0,0,0,0,0,0,0,0,0,0
272000,99991,0,1,0,0,0,1,0,7,0,0,0,0,0,0,0,0,0
273000,99997,0,0,0,0,0,2,0,1,0,0,0,0,0,0,0,0,0
274000,99991,0,6,0,0,0,2,0,1,0,0,0,0,0,0,0,0,0
275000,99999,0,0,0,0,0,0,0,1,0,0,0,0,0,0,0,0,0
276000,99994,0,2,0,1,0,0,0,3,0,0,0,0,0,0,0,0,0
277000,99994,0,6,0,0,0,0,0,0,0,0,0,0,0,0,0,0,0
278000,99997,0,0,0,0,0,3,0,0,0,0,0,0,0,0,0,0,0
279000,99991,0,2,0,0,0,2,0,5,0,0,0,0,0,0,0,0,0
280000,99999,0,0,0,0,0,1,0,0,0,0,0,0,0,0,0,0,0
281000,100000,0,0,0,0,0,0,0,0,0,0,0,0,0,0,0,0,0
282000,99999,0,0,0,0,0,1,0,0,0,0,0,0,0,0,0,0,0
283000,99997,0,3,0,0,0,0,0,0,0,0,0,0,0,0,0,0,0
284000,99995,0,1,0,0,0,0,0,4,0,0,0,0,0,0,0,0,0
285000,99999,0,0,0,0,0,0,0,1,0,0,0,0,0,0,0,0,0
286000,99998,0,2,0,0,0,0,0,0,0,0,0,0,0,0,0,0,0
287000,99997,0,0,0,0,0,0,0,3,0,0,0,0,0,0,0,0,0
288000,99997,0,1,0,1,0,1,0,0,0,0,0,0,0,0,0,0,0
289000,99993,0,3,0,0,0,4,0,0,0,0,0,0,0,0,0,0,0
290000,99998,0,1,0,0,0,0,0,1,0,0,0,0,0,0,0,0,0
291000,99974,0,23,0,0,0,3,0,0,0,0,0,0,0,0,0,0,0
292000,99988,0,6,0,0,0,3,0,3,0,0,0,0,0,0,0,0,0
293000,99987,0,6,0,1,0,1,0,5,0,0,0,0,0,0,0,0,0
294000,99996,0,1,0,3,0,0,0,0,0,0,0,0,0,0,0,0,0
295000,99998,0,1,0,0,0,0,0,1,0,0,0,0,0,0,0,0,0
296000,99961,0,34,0,0,0,2,0,3,0,0,0,0,0,0,0,0,0
297000,99888,0,109,0,0,0,3,0,0,0,0,0,0,0,0,0,0,0
298000,99998,0,2,0,0,0,0,0,0,0,0,0,0,0,0,0,0,0
299000,99997,0,3,0,0,0,0,0,0,0,0,0,0,0,0,0,0,0
300000,99993,0,4,0,0,0,3,0,0,0,0,0,0,0,0,0,0,0
301000,99993,0,1,0,0,0,6,0,0,0,0,0,0,0,0,0,0,0
302000,99992,0,4,0,0,0,3,0,0,0,0,0,1,0,0,0,0,0
303000,99992,0,1,0,0,0,3,0,4,0,0,0,0,0,0,0,0,0
304000,99997,0,0,0,0,0,0,0,3,0,0,0,0,0,0,0,0,0
305000,99997,0,1,0,0,0,2,0,0,0,0,0,0,0,0,0,0,0
306000,99995,0,4,0,0,0,1,0,0,0,0,0,0,0,0,0,0,0
307000,99996,0,4,0,0,0,0,0,0,0,0,0,0,0,0,0,0,0
308000,99989,0,0,0,0,0,0,0,11,0,0,0,0,0,0,0,0,0
309000,99993,0,0,0,0,0,3,0,4,0,0,0,0,0,0,0,0,0
310000,99997,0,2,0,0,0,0,0,1,0,0,0,0,0,0,0,0,0
311000,99997,0,3,0,0,0,0,0,0,0,0,0,0,0,0,0,0,0
312000,99993,0,6,0,1,0,0,0,0,0,0,0,0,0,0,0,0,0
313000,99992,0,2,0,0,0,1,0,5,0,0,0,0,0,0,0,0,0
314000,99997,0,2,0,0,0,0,0,1,0,0,0,0,0,0,0,0,0
315000,99998,0,2,0,0,0,0,0,0,0,0,0,0,0,0,0,0,0
316000,99988,0,5,0,0,0,3,0,4,0,0,0,0,0,0,0,0,0
317000,99986,0,4,0,0,0,4,0,6,0,0,0,0,0,0,0,0,0
318000,99994,0,2,0,0,0,4,0,0,0,0,0,0,0,0,0,0,0
319000,99973,0,23,0,0,0,1,0,3,0,0,0,0,0,0,0,0,0
320000,99997,0,0,0,0,0,0,0,3,0,0,0,0,0,0,0,0,0
321000,99983,0,4,0,0,0,10,0,3,0,0,0,0,0,0,0,0,0
322000,99990,0,4,0,0,0,0,0,6,0,0,0,0,0,0,0,0,0
323000,99995,0,1,0,0,0,0,0,4,0,0,0,0,0,0,0,0,0
324000,99987,0,11,0,0,0,1,0,1,0,0,0,0,0,0,0,0,0
325000,99997,0,0,0,0,0,3,0,0,0,0,0,0,0,0,0,0,0
326000,99994,0,5,0,0,0,1,0,0,0,0,0,0,0,0,0,0,0
327000,99997,0,3,0,0,0,0,0,0,0,0,0,0,0,0,0,0,0
328000,99997,0,2,0,0,0,0,0,1,0,0,0,0,0,0,0,0,0
329000,99998,0,2,0,0,0,0,0,0,0,0,0,0,0,0,0,0,0
330000,99990,0,4,0,0,0,4,0,1,0,1,0,0,0,0,0,0,0
331000,99999,0,0,0,0,0,0,0,1,0,0,0,0,0,0,0,0,0
332000,99999,0,0,0,0,0,1,0,0,0,0,0,0,0,0,0,0,0
333000,99997,0,0,0,1,0,1,0,1,0,0,0,0,0,0,0,0,0
334000,99996,0,1,0,0,0,0,0,3,0,0,0,0,0,0,0,0,0
335000,99997,0,0,0,0,0,0,0,3,0,0,0,0,0,0,0,0,0
336000,99997,0,3,0,0,0,0,0,0,0,0,0,0,0,0,0,0,0
337000,99996,0,3,0,0,0,1,0,0,0,0,0,0,0,0,0,0,0
338000,99994,0,1,0,0,0,5,0,0,0,0,0,0,0,0,0,0,0
339000,99993,0,1,0,0,0,4,0,2,0,0,0,0,0,0,0,0,0
340000,99992,0,1,0,0,0,4,0,3,0,0,0,0,0,0,0,0,0
341000,99993,0,5,0,0,0,2,0,0,0,0,0,0,0,0,0,0,0
342000,99994,0,3,0,0,0,0,0,3,0,0,0,0,0,0,0,0,0
343000,99998,0,0,0,0,0,1,0,1,0,0,0,0,0,0,0,0,0
344000,99996,0,3,0,0,0,0,0,1,0,0,0,0,0,0,0,0,0
345000,99996,0,0,0,0,0,3,0,1,0,0,0,0,0,0,0,0,0
346000,100000,0,0,0,0,0,0,0,0,0,0,0,0,0,0,0,0,0
347000,100000,0,0,0,0,0,0,0,0,0,0,0,0,0,0,0,0,0
348000,99995,0,2,0,1,0,1,0,1,0,0,0,0,0,0,0,0,0
349000,99994,0,1,0,0,0,5,0,0,0,0,0,0,0,0,0,0,0
350000,100000,0,0,0,0,0,0,0,0,0,0,0,0,0,0,0,0,0
351000,99998,0,1,0,0,0,1,0,0,0,0,0,0,0,0,0,0,0
352000,99994,0,2,0,0,0,3,0,1,0,0,0,0,0,0,0,0,0
353000,99995,0,2,0,0,0,3,0,0,0,0,0,0,0,0,0,0,0
354000,99996,0,0,0,0,0,1,0,3,0,0,0,0,0,0,0,0,0
355000,99992,0,5,0,0,0,0,0,3,0,0,0,0,0,0,0,0,0
356000,99997,0,0,0,0,0,3,0,0,0,0,0,0,0,0,0,0,0
357000,99997,0,0,0,0,0,0,0,3,0,0,0,0,0,0,0,0,0
358000,99996,0,0,0,0,0,1,0,3,0,0,0,0,0,0,0,0,0
359000,99997,0,3,0,0,0,0,0,0,0,0,0,0,0,0,0,0,0
360000,99988,0,0,0,0,0,7,0,5,0,0,0,0,0,0,0,0,0
361000,99997,0,3,0,0,0,0,0,0,0,0,0,0,0,0,0,0,0
362000,99999,0,1,0,0,0,0,0,0,0,0,0,0,0,0,0,0,0
363000,99997,0,2,0,0,0,0,0,1,0,0,0,0,0,0,0,0,0
364000,99997,0,2,0,0,0,0,0,1,0,0,0,0,0,0,0,0,0
365000,99998,0,1,0,0,0,1,0,0,0,0,0,0,0,0,0,0,0
366000,99996,0,0,0,0,0,0,0,4,0,0,0,0,0,0,0,0,0
367000,99996,0,2,0,0,0,1,0,1,0,0,0,0,0,0,0,0,0
368000,99992,0,6,0,0,0,2,0,0,0,0,0,0,0,0,0,0,0
369000,99996,0,2,0,0,0,1,0,1,0,0,0,0,0,0,0,0,0
370000,99990,0,2,0,0,0,5,0,3,0,0,0,0,0,0,0,0,0
371000,99997,0,3,0,0,0,0,0,0,0,0,0,0,0,0,0,0,0
372000,99997,0,3,0,0,0,0,0,0,0,0,0,0,0,0,0,0,0
373000,99996,0,4,0,0,0,0,0,0,0,0,0,0,0,0,0,0,0
374000,99993,0,3,0,0,0,3,0,1,0,0,0,0,0,0,0,0,0
375000,99995,0,0,0,0,0,1,0,4,0,0,0,0,0,0,0,0,0
376000,99996,0,1,0,0,0,3,0,0,0,0,0,0,0,0,0,0,0
377000,99991,0,1,0,0,0,1,0,7,0,0,0,0,0,0,0,0,0
378000,100000,0,0,0,0,0,0,0,0,0,0,0,0,0,0,0,0,0
379000,99999,0,0,0,0,0,0,0,1,0,0,0,0,0,0,0,0,0
380000,99994,0,2,0,0,0,4,0,0,0,0,0,0,0,0,0,0,0
381000,99994,0,0,0,0,0,6,0,0,0,0,0,0,0,0,0,0,0
382000,99993,0,0,0,0,0,3,0,4,0,0,0,0,0,0,0,0,0
383000,99994,0,3,0,0,0,0,0,3,0,0,0,0,0,0,0,0,0
384000,99987,0,13,0,0,0,0,0,0,0,0,0,0,0,0,0,0,0
385000,100000,0,0,0,0,0,0,0,0,0,0,0,0,0,0,0,0,0
386000,99994,0,3,0,0,0,3,0,0,0,0,0,0,0,0,0,0,0
387000,100000,0,0,0,0,0,0,0,0,0,0,0,0,0,0,0,0,0
388000,99997,0,3,0,0,0,0,0,0,0,0,0,0,0,0,0,0,0
389000,99991,0,0,0,0,0,0,0,9,0,0,0,0,0,0,0,0,0
390000,99999,0,0,0,0,0,0,0,1,0,0,0,0,0,0,0,0,0
391000,99999,0,0,0,0,0,0,0,1,0,0,0,0,0,0,0,0,0
392000,99995,0,2,0,0,0,3,0,0,0,0,0,0,0,0,0,0,0
393000,99991,0,4,0,0,0,4,0,1,0,0,0,0,0,0,0,0,0
394000,99994,0,3,0,0,0,1,0,2,0,0,0,0,0,0,0,0,0
395000,100000,0,0,0,0,0,0,0,0,0,0,0,0,0,0,0,0,0
396000,99996,0,0,0,0,0,0,0,3,0,0,0,1,0,0,0,0,0
397000,99995,0,0,0,0,0,3,0,1,0,1,0,0,0,0,0,0,0
398000,99990,0,3,0,0,0,4,0,3,0,0,0,0,0,0,0,0,0
399000,99992,0,7,0,0,0,0,0,1,0,0,0,0,0,0,0,0,0
400000,99999,0,0,0,0,0,0,0,1,0,0,0,0,0,0,0,0,0
401000,99992,0,4,0,0,0,1,0,3,0,0,0,0,0,0,0,0,0
402000,99998,0,1,0,0,0,0,0,1,0,0,0,0,0,0,0,0,0
403000,99992,0,4,0,0,0,3,0,1,0,0,0,0,0,0,0,0,0
404000,99998,0,1,0,0,0,1,0,0,0,0,0,0,0,0,0,0,0
405000,99997,0,3,0,0,0,0,0,0,0,0,0,0,0,0,0,0,0
406000,99995,0,4,0,0,0,1,0,0,0,0,0,0,0,0,0,0,0
407000,99977,0,20,0,0,0,3,0,0,0,0,0,0,0,0,0,0,0
408000,99989,0,6,0,0,0,0,0,5,0,0,0,0,0,0,0,0,0
409000,99986,0,3,0,0,0,5,0,6,0,0,0,0,0,0,0,0,0
410000,99993,0,3,0,0,0,4,0,0,0,0,0,0,0,0,0,0,0
411000,99998,0,1,0,1,0,0,0,0,0,0,0,0,0,0,0,0,0
412000,99996,0,2,0,0,0,0,0,2,0,0,0,0,0,0,0,0,0
413000,99945,0,51,0,0,0,1,0,3,0,0,0,0,0,0,0,0,0
414000,99927,0,71,0,0,0,1,0,1,0,0,0,0,0,0,0,0,0
415000,99999,0,1,0,0,0,0,0,0,0,0,0,0,0,0,0,0,0
416000,99995,0,4,0,0,0,1,0,0,0,0,0,0,0,0,0,0,0
417000,99986,0,13,0,0,0,0,0,1,0,0,0,0,0,0,0,0,0
418000,99999,0,1,0,0,0,0,0,0,0,0,0,0,0,0,0,0,0
419000,100000,0,0,0,0,0,0,0,0,0,0,0,0,0,0,0,0,0
420000,99999,0,1,0,0,0,0,0,0,0,0,0,0,0,0,0,0,0
421000,100000,0,0,0,0,0,0,0,0,0,0,0,0,0,0,0,0,0
422000,99996,0,0,0,0,0,1,0,3,0,0,0,0,0,0,0,0,0
423000,99992,0,3,0,0,0,1,0,4,0,0,0,0,0,0,0,0,0
424000,99994,0,5,0,0,0,1,0,0,0,0,0,0,0,0,0,0,0
425000,99999,0,0,0,0,0,1,0,0,0,0,0,0,0,0,0,0,0
426000,99992,0,7,0,0,0,1,0,0,0,0,0,0,0,0,0,0,0
427000,99995,0,2,0,0,0,0,0,3,0,0,0,0,0,0,0,0,0
428000,99997,0,3,0,0,0,0,0,0,0,0,0,0,0,0,0,0,0
429000,99989,0,7,0,0,0,3,0,1,0,0,0,0,0,0,0,0,0
430000,99999,0,0,0,1,0,0,0,0,0,0,0,0,0,0,0,0,0
431000,99995,0,3,0,0,0,0,0,0,0,2,0,0,0,0,0,0,0
432000,99994,0,0,0,0,0,3,0,3,0,0,0,0,0,0,0,0,0
433000,99999,0,1,0,0,0,0,0,0,0,0,0,0,0,0,0,0,0
434000,99995,0,2,0,0,0,1,0,2,0,0,0,0,0,0,0,0,0
435000,99968,0,26,0,0,0,5,0,1,0,0,0,0,0,0,0,0,0
436000,99994,0,3,0,0,0,3,0,0,0,0,0,0,0,0,0,0,0
437000,99998,0,1,0,0,0,1,0,0,0,0,0,0,0,0,0,0,0
438000,99995,0,0,0,0,0,2,0,3,0,0,0,0,0,0,0,0,0
439000,99996,0,1,0,0,0,3,0,0,0,0,0,0,0,0,0,0,0
440000,99995,0,3,0,0,0,0,0,2,0,0,0,0,0,0,0,0,0
441000,99996,0,1,0,0,0,3,0,0,0,0,0,0,0,0,0,0,0
442000,99999,0,0,0,0,0,0,0,1,0,0,0,0,0,0,0,0,0
443000,99999,0,0,0,0,0,0,0,0,0,0,0,1,0,0,0,0,0
444000,99999,0,1,0,0,0,0,0,0,0,0,0,0,0,0,0,0,0
445000,99995,0,2,0,0,0,2,0,1,0,0,0,0,0,0,0,0,0
446000,100000,0,0,0,0,0,0,0,0,0,0,0,0,0,0,0,0,0
447000,99986,0,6,0,0,0,3,0,5,0,0,0,0,0,0,0,0,0
448000,99999,0,0,0,0,0,1,0,0,0,0,0,0,0,0,0,0,0
449000,99998,0,1,0,0,0,1,0,0,0,0,0,0,0,0,0,0,0
450000,99994,0,5,0,0,0,0,0,1,0,0,0,0,0,0,0,0,0
451000,99994,0,6,0,0,0,0,0,0,0,0,0,0,0,0,0,0,0
452000,99986,0,4,0,0,0,1,0,9,0,0,0,0,0,0,0,0,0
453000,99995,0,4,0,0,0,1,0,0,0,0,0,0,0,0,0,0,0
454000,99996,0,0,0,0,0,4,0,0,0,0,0,0,0,0,0,0,0
455000,99998,0,0,0,0,0,0,0,2,0,0,0,0,0,0,0,0,0
456000,99992,0,2,0,0,0,3,0,3,0,0,0,0,0,0,0,0,0
457000,99991,0,5,0,0,0,4,0,0,0,0,0,0,0,0,0,0,0
458000,99989,0,5,0,0,0,3,0,3,0,0,0,0,0,0,0,0,0
459000,99998,0,0,0,0,0,1,0,1,0,0,0,0,0,0,0,0,0
460000,99999,0,1,0,0,0,0,0,0,0,0,0,0,0,0,0,0,0
461000,99999,0,0,0,0,0,0,0,1,0,0,0,0,0,0,0,0,0
462000,99991,0,3,0,0,0,3,0,3,0,0,0,0,0,0,0,0,0
463000,99993,0,4,0,0,0,3,0,0,0,0,0,0,0,0,0,0,0
464000,99996,0,4,0,0,0,0,0,0,0,0,0,0,0,0,0,0,0
465000,99811,0,182,0,0,0,6,0,1,0,0,0,0,0,0,0,0,0
466000,99993,0,1,0,0,0,6,0,0,0,0,0,0,0,0,0,0,0
467000,99996,0,0,0,0,0,1,0,3,0,0,0,0,0,0,0,0,0
468000,100000,0,0,0,0,0,0,0,0,0,0,0,0,0,0,0,0,0
469000,99999,0,0,0,0,0,0,0,1,0,0,0,0,0,0,0,0,0
470000,99996,0,3,0,0,0,1,0,0,0,0,0,0,0,0,0,0,0
471000,99997,0,2,0,0,0,1,0,0,0,0,0,0,0,0,0,0,0
472000,99996,0,3,0,0,0,1,0,0,0,0,0,0,0,0,0,0,0
473000,100000,0,0,0,0,0,0,0,0,0,0,0,0,0,0,0,0,0
474000,99998,0,1,0,0,0,0,0,1,0,0,0,0,0,0,0,0,0
475000,99998,0,2,0,0,0,0,0,0,0,0,0,0,0,0,0,0,0
476000,99992,0,0,0,0,0,4,0,4,0,0,0,0,0,0,0,0,0
477000,99999,0,0,0,0,0,1,0,0,0,0,0,0,0,0,0,0,0
478000,99992,0,5,0,0,0,1,0,2,0,0,0,0,0,0,0,0,0
479000,99996,0,4,0,0,0,0,0,0,0,0,0,0,0,0,0,0,0
480000,99992,0,4,0,0,0,1,0,3,0,0,0,0,0,0,0,0,0
481000,99995,0,1,0,0,0,0,0,4,0,0,0,0,0,0,0,0,0
482000,99984,0,13,0,0,0,3,0,0,0,0,0,0,0,0,0,0,0
483000,99941,0,59,0,0,0,0,0,0,0,0,0,0,0,0,0,0,0
484000,99982,0,17,0,0,0,0,0,1,0,0,0,0,0,0,0,0,0
485000,99994,0,3,0,0,0,0,0,3,0,0,0,0,0,0,0,0,0
486000,99993,0,3,0,0,0,0,0,4,0,0,0,0,0,0,0,0,0
487000,100000,0,0,0,0,0,0,0,0,0,0,0,0,0,0,0,0,0
488000,99997,0,1,0,0,0,0,0,2,0,0,0,0,0,0,0,0,0
489000,99997,0,0,0,0,0,0,0,3,0,0,0,0,0,0,0,0,0
490000,99996,0,4,0,0,0,0,0,0,0,0,0,0,0,0,0,0,0
491000,99997,0,3,0,0,0,0,0,0,0,0,0,0,0,0,0,0,0
492000,99996,0,3,0,0,0,1,0,0,0,0,0,0,0,0,0,0,0
493000,99995,0,2,0,0,0,3,0,0,0,0,0,0,0,0,0,0,0
494000,99996,0,4,0,0,0,0,0,0,0,0,0,0,0,0,0,0,0
495000,99996,0,3,0,1,0,0,0,0,0,0,0,0,0,0,0,0,0
496000,99997,0,2,0,0,0,1,0,0,0,0,0,0,0,0,0,0,0
497000,99997,0,2,0,0,0,1,0,0,0,0,0,0,0,0,0,0,0
498000,99941,0,59,0,0,0,0,0,0,0,0,0,0,0,0,0,0,0
499000,99989,0,1,0,0,0,7,0,3,0,0,0,0,0,0,0,0,0
500000,100000,0,0,0,0,0,0,0,0,0,0,0,0,0,0,0,0,0
501000,99979,0,13,0,1,0,3,0,4,0,0,0,0,0,0,0,0,0
502000,100000,0,0,0,0,0,0,0,0,0,0,0,0,0,0,0,0,0
503000,99996,0,2,0,0,0,0,0,2,0,0,0,0,0,0,0,0,0
504000,99993,0,3,0,0,0,1,0,3,0,0,0,0,0,0,0,0,0
505000,99996,0,3,0,0,0,1,0,0,0,0,0,0,0,0,0,0,0
506000,99997,0,0,0,1,0,1,0,0,0,0,0,1,0,0,0,0,0
507000,99997,0,2,0,1,0,0,0,0,0,0,0,0,0,0,0,0,0
508000,99995,0,1,0,0,0,4,0,0,0,0,0,0,0,0,0,0,0
509000,99997,0,1,0,0,0,2,0,0,0,0,0,0,0,0,0,0,0
510000,99994,0,1,0,0,0,2,0,3,0,0,0,0,0,0,0,0,0
511000,99994,0,0,0,0,0,0,0,3,0,0,0,3,0,0,0,0,0
512000,99999,0,0,0,0,0,0,0,1,0,0,0,0,0,0,0,0,0
513000,99994,0,0,0,0,0,3,0,3,0,0,0,0,0,0,0,0,0
514000,99993,0,6,0,0,0,1,0,0,0,0,0,0,0,0,0,0,0
515000,99991,0,0,0,0,0,6,0,3,0,0,0,0,0,0,0,0,0
516000,99994,0,3,0,0,0,3,0,0,0,0,0,0,0,0,0,0,0
517000,99997,0,3,0,0,0,0,0,0,0,0,0,0,0,0,0,0,0
518000,99992,0,4,0,0,0,4,0,0,0,0,0,0,0,0,0,0,0
519000,99992,0,5,0,0,0,2,0,1,0,0,0,0,0,0,0,0,0
520000,99996,0,1,0,0,0,0,0,3,0,0,0,0,0,0,0,0,0
521000,99978,0,18,0,0,0,3,0,1,0,0,0,0,0,0,0,0,0
522000,99990,0,4,0,0,0,4,0,2,0,0,0,0,0,0,0,0,0
523000,99991,0,4,0,0,0,5,0,0,0,0,0,0,0,0,0,0,0
524000,99996,0,0,0,0,0,0,0,4,0,0,0,0,0,0,0,0,0
525000,99997,0,3,0,0,0,0,0,0,0,0,0,0,0,0,0,0,0
526000,99991,0,3,0,2,0,0,0,4,0,0,0,0,0,0,0,0,0
527000,99995,0,2,0,0,0,3,0,0,0,0,0,0,0,0,0,0,0
528000,99989,0,5,0,0,0,4,0,2,0,0,0,0,0,0,0,0,0
529000,99990,0,5,0,0,0,0,0,5,0,0,0,0,0,0,0,0,0
530000,99994,0,2,0,0,0,1,0,3,0,0,0,0,0,0,0,0,0
531000,99851,0,146,0,0,0,0,0,3,0,0,0,0,0,0,0,0,0
532000,99997,0,0,0,0,0,3,0,0,0,0,0,0,0,0,0,0,0
533000,99998,0,0,0,0,0,0,0,2,0,0,0,0,0,0,0,0,0
534000,99995,0,0,0,0,0,3,0,2,0,0,0,0,0,0,0,0,0
535000,99989,0,2,0,0,0,6,0,3,0,0,0,0,0,0,0,0,0
536000,99988,0,6,0,0,0,3,0,3,0,0,0,0,0,0,0,0,0
537000,99992,0,3,0,0,0,4,0,1,0,0,0,0,0,0,0,0,0
538000,99990,0,8,0,0,0,0,0,2,0,0,0,0,0,0,0,0,0
539000,99981,0,18,0,0,0,0,0,1,0,0,0,0,0,0,0,0,0
540000,99996,0,1,0,0,0,0,0,3,0,0,0,0,0,0,0,0,0
541000,99998,0,1,0,0,0,1,0,0,0,0,0,0,0,0,0,0,0
542000,99997,0,0,0,0,0,2,0,1,0,0,0,0,0,0,0,0,0
543000,99990,0,10,0,0,0,0,0,0,0,0,0,0,0,0,0,0,0
544000,99974,0,22,0,0,0,1,0,3,0,0,0,0,0,0,0,0,0
545000,99993,0,4,0,0,0,3,0,0,0,0,0,0,0,0,0,0,0
546000,99997,0,0,0,0,0,0,0,3,0,0,0,0,0,0,0,0,0
547000,100000,0,0,0,0,0,0,0,0,0,0,0,0,0,0,0,0,0
548000,99964,0,32,0,0,0,3,0,1,0,0,0,0,0,0,0,0,0
549000,99894,0,50,0,52,0,1,0,3,0,0,0,0,0,0,0,0,0
